1716094584014754107
2263462638600339377
2542224411694209971
2637375075955047683
2643130938937339463
2869633263098619403
3054740206058249323
3086755007949537311
3339794872140258347
3347288506477292171
3486687308444496887
3743494505911561157
3872671963327703047
4041365433847562129
4135628668897538999
5040119328460693591
5053484031112656889
5259777452071052017
5429425329577413023
5663381025790381207
5738786330704278991
5774883375530350307
5815673617405139911
5891353145689266653
6049858790414799149
6128664895564591817
6175504519988357861
6298773041718864383
6461174525140239673
6555989446274031611
6572589953528372987
6579077802645702353
6622412773529257351
6694016888120823887
6751200385396664231
6834866619183911929
6862983423149104477
6899203633249931867
6956082931176320239
7001695519071825251
7157833097375061433
7172672354835494743
7219190054600145641
7266176140335294671
7273569719817862273
7418452096698862691
7502729059321208269
7654818854504711789
7724528461437895111
7745584364385425659
7753058148003112349
7858834053470097931
7928077186076407739
8051018283392795911
8051239606069403981
8069082682365256423
8251026769780600073
8306516229325142417
8350263845948679943
8373160395438163097
8468842833574567127
8651209950872928851
8741015171947936489
9044460840771000277
9305870539196232787
9318017978356676867
9338375706276217519
9379088740026830029
9424854652188899893
9434172034768091851
9535323323527440809
9609737755825387069
9724220227347051331
9854735261366135339
9857647739826488747
9867651817540539947
10035280005523791307
10141088605854512191
10258441977410448947
10325645608568422021
10458342085628894519
10508512931788761931
10622605518362546437
10665754736954544509
10682977189871294137
10806378563173331111
10808001798976367449
10811973462730297009
10860786200158919149
10961562900635137997
10976275886033179573
11023664314766650633
11083787880189484829
11083895947133308097
11174074398917734669
11196196486486703723
11220482550514981721
11248977293188821233
11352876378974746159
11662055415082877099
11672086872078453883
11698276010728576219
11747292993389943443
11796475502893148647
11872965576973203631
11879040274476433913
11915031154616948089
11984167236119521067
12020885720006619749
12118838113769342587
12281595995208570241
12337588099265632877
12436947843889469431
12480703133155362383
12513597233125961831
12548095112722949357
12645098326600747877
12769478543259567719
12914143858180065157
12920509786100209861
12983194412789141173
12986951079933597023
13044705190809286927
13316110107675188171
13333601594426266067
13387588029835693783
13409334430458705419
13410012245466414217
13423630410619881919
13526584476139323707
13578296136815346709
13637624476807173649
13654076568285450223
13761645177472232879
13881110778263709751
14047952183360248061
14052025411181694109
14109599836789257139
14282962041270905041
14329540658108681717
14329904151126743651
14365925490881733443
14428148888200352281
14461839173406202817
14695414826029181177
14785193444994790261
14910498267823736723
15021041428483981447
15136826988168023119
15153564633342587813
15193526288498734507
15227702505722052397
15383786157321418139
15472969077519819917
15516169968282974269
15793476785890632713
15856389941230814999
16001574653933359039
16129284008277622537
16130217638660446589
16239542396087647979
16447555623335330737
16471678727776024211
16480116208767797777
16625200413504884791
16752380149761493031
16768107370679525173
16774539992464616977
16813636570321803629
16891875186321581087
16895313829875577501
16903154235343447147
16904640977157234179
17006789869099841971
17036829812009506097
17111565165878800993
17157310323224252849
17251386884996556197
17408533992553510351
17478130640806680193
17479622546092609627
17535496203534746179
17622740900229410657
17633265249917233871
17702086160189375797
17934208940553885781
17957773048525903673
18056116461222264977
18087408209633293969
18363581038215417553
18476676581869692331
18483583885679574397
18495388245339567931
18677024940424744021
18737206339545244003
18738997531890253861
18897296928991814309
19060447257334676593
19292518891060231337
19486452336392196151
19531568801897750231
19549143297561100211
19656238200464075401
19843722621519313669
19943928709030127299
20040294565665310997
20513198156302395217
20514769082119391713
20715759113956716287
20755873328864600567
20780973081931966507
20835018626611398947
20923647775222791817
21091585858415815381
21105163172821189103
21177749204922472387
21197331811355031229
21226451989657208807
21310284983205984379
21655518415210239269
21685650989326712119
21699610927654529041
21762572849628795617
21802871846980747001
21900496397189967761
22044976515333397711
22160926327327355417
22287373979984075891
22288109154862836293
22554156384896995099
22607653215304471969
22849663221949381133
23403242541230359319
23432272094981734141
23455961843710946863
23505509012936364179
23561156027232376477
23597481508553029303
23643921438933218737
23800678399240803847
23822261798593958509
23874813877150255339
23954737295726937097
24229418630155458277
24234869622247221829
24394121087843263619
24427262556050973097
24499681251811534609
24501827391056336099
24668182193321539447
24675294498701986207
24682666114083150241
24797057068271773837
24835387212412381613
25205960939255316793
25328801530955859571
25353260780969640979
25389369597008224169
25436315592902212457
25486787846008860341
25528445623575075317
25653906862194081743
25747176328768965533
25758187969952003497
25826656421972699663
25864603813794291499
25905264522330928939
26063184849684627791
26149036558582664539
26183783452387947863
26268310269409004143
26801032871435003303
26884272861297153943
27109130285290037021
27132240140975379877
27148788499903304461
27209291802379814711
27255538440457914683
27303322050697933459
27711149604844040329
27738132748188889183
27890585053863355069
28133088804151722571
28559329949665179101
28718299545257595101
28963532832191141419
29101270648849988203
29144766754776135157
29301809774911542311
29324877520521405419
29434357491520676977
29639122075819199309
29649250224541831441
29735499639678952397
29747556173674482119
29890623988271112593
30365559727430849773
30575270237365913623
30905452939122503627
30971797187510452513
31674015204967435471
31728593266897858931
31893967433775847571
32055947071947011221
32121817468727585507
32145332916993267641
32357899939134723211
32388727444491870629
32545666565521799863
32810389840543557329
32961174724100847401
33027897415582051291
33067008808986865547
33083626099315964899
33157095769709026597
33274629858901761961
33327564347037149471
33333675935705727349
33415295452619930021
33426390386282749759
33791583891349682467
33815233819921511851
33822422390208868151
33984250183424717437
34090626707187934237
34356169453987838531
34402599879223056577
34497393149705639519
34698716438897887639
34780521847402600693
34887678162071860709
35089471605734503723
35143996919580814387
35236210049003157391
35257515458545596439
35555693945090947601
35606622699592292657
35724508451634959783
35750375286750168719
35763074359256206891
35938523359351166893
36114350349421836917
36132718854306129323
36244941661746137563
36464916602765631307
36482716968147923513
36537842753141774929
36549194601363378919
36585212761670717173
36923970979118356489
37028373249568218641
37214034396611189387
37287219115888243973
37446820932141791909
37857973190130469963
38108785430500041077
38310577351292098519
38440048544609155883
38449809806520836921
39083114040767980949
39137172644249702017
39258785035131344633
39746675228399127419
40077900415490147071
40118199684184866389
40161091662951160219
40193382913377083171
40250462442410027611
40527385063923961771
40721967141076090003
40849202984278983949
41055003023630795071
41113018170499079971
41164012981155243559
41457155136719916703
41520335578755706949
41575325999689895143
41590531318250899631
41771246761011975059
42319748546023009349
42544170115207497067
42576478250219239187
42713401802894784223
43215616646090533451
43334640872091464369
43382407155454434959
43543108713813037457
43674638227926668659
43874030963797460669
44252488229760456343
44256262417914558191
44434737414231718501
44465869332030683063
44976944936627536199
44980779595362238399
45407168731128380537
45409291857997149391
45632213382355697269
45808882345372093043
45848372552674295083
46065254172705054979
46517246413810042271
46779596487923169763
46889307718776135419
47291515863254933059
47603347639320224617
47718191354016408107
47928715980637692787
48498631026700874203
48508128925706922467
48517088276547118649
49004656693326056147
49111410951367965023
49287100516453594819
49514536361443328969
50187811020129304871
50461217426540608489
50735494709290138081
51015655055103288443
51562353859691092667
51671932591279620077
51753516557506366303
52375343878512279091
53621387967636883637
53934108522357912487
54001181055172669579
54176566039132058329
54430370528028781633
55162668925183140281
55389809631685793357
55558557896670207053
55625102418040668521
55675934736730353733
56430310539486185947
56590645675924355213
56654574364328590033
56695939378818673939
56829856215143900921
57051443966648140567
57229373707187026607
57662018759475953227
57912714454131946369
58440259144584019673
58522093299318461933
58596854754617748007
58622291625682294901
59033253899683717571
59123173749812210447
59231165795694928307
59472128674010274227
59941634708460497191
60617047524424541713
60643885706753980261
60838439011610823709
61001693382221570387
61592124755077852421
61711657117171756271
62198843233734909043
63103639082483536333
63192924059832526711
63612018989290620671
63642404234415306217
63691856331769724299
63812171635726946083
63929439629353809701
64109103955422986231
65123249443069892911
65827332528844234687
66638971455943962793
66957660074978866559
67671072441115564303
68388595064415411869
68735401355434329289
68999828035847639123
70246793121976821457
70853058780293528771
71351055115864522477
72431114579997558059
72861487866072101923
73121375461700625977
73473217041628302923
73574315629881985931
75455037133326186001
75989745538181665439
76344886924587761063
76784909224390075351
76840872679257074611
76843438954010239859
77154378802957605349
78302561262495624643
78428032461027445783
79129682964452635987
81594417711079808131
81924581954942131541
82309937424725067371
83793882090245177089
85225978190586695881
85240036586579375843
88983113718993449239
90229514615455752791
