12865262313498040472592189487
13576217821308557016643577947
16579490182994197890490745453
18318658875637461609363326533
19330978026695278182450789673
20864577566349636721675738411
23768149091963088837331091041
28080881258169633560559991523
28379413865439520576322113573
28638088251361794080055577763
28922647901579094243062198113
29435063420823412467208254989
30458835500707299819784651271
34253366088118954283978465233
37068255775207129696539407071
37199952122067159350365289713
42043123333573938096552626291
42368557187720766466222861019
42904429738063018248107970353
44149770799512640996250619397
45393697507694361017494354411
45983532206770786191927325133
48403219539031050573411367963
48687422108955474107172471613
49497448409686563870788032327
50135936605936787671333937653
50445625642657588378809022729
51588494791883723633908662761
52926985600187775053686069553
54890949498097187779337088149
56155810906698511848382727467
57871594175575759096172342239
58263857602004407918994331289
59952475930124412035824326203
60111655248162736190021286751
61010316272949326363502081977
61483679545546546968968073263
62943466205546966558426126267
63051603804653694152389811801
63070021233683692189336719787
63782706110843638614002565827
64346967718028998426278334939
65075170147031467653181237933
65181203950729413984743632351
66505804192259281392797103587
66528189701903722894706162237
66558159398023243536950563249
67329066858701290003737539707
67919509554911888622520304153
67972513120147581002405946853
70560854431197590338833705473
70738080278713567162312795231
71208941953090691560749291581
71873515140710867080495571059
73718887432347409391381707457
73752113386337352893384226239
73884134173980791670100352033
74667659714670118073698118647
74903194231930371446866346251
75596366718693974104785993253
75750859474195592959549695997
76831963533744469412276363831
78071741534276741716813671079
78378256076100458786530920679
78423185119649302995109052459
78673903846328035201227020539
79086871112072995884648873857
80093063161180423930983591409
80288373669432658334203678127
80702406356917561728948034967
82237160375198676907320748913
82307361025667539259326963489
82590955414188470875157532167
82789599177102307542980149217
83401399651659823119763703407
85441689111968906835652524379
85447659487222859411290005539
85614441929231180039859602189
85637073267976531284662587901
86004948623882156770978142897
87006414661227123968273980583
87526823003379565115896720243
87989991775750468521395902259
88115592269134392841062557707
88151880569800357223358752491
88797810076072519143581820151
90223863930183463039386986651
90964761440690786312437084951
91062320044034265683055974951
91335573427484554937222252731
91458476429554091297843437819
92163606619985366905062603179
92352703652623558153801445909
94073494590324278543051041961
94106201112183908087609359831
94639135005151509752783859701
95751394184569195580319484961
96313604561487561641949841511
97077318189559757769777953839
97343156708516739791810557967
97900393155824215916329009463
97948993032891048227238464623
98526914354033017519790425039
99150186180822732272018197289
99226579416857502628779615839
99767096828102275622809899463
100955805447793680278504706529
102261488544048462744348515287
105498502962328386998071696429
106786331033722233389798948333
106792404482504562906741872653
107227471596169876450871743549
107440364911584213308957037893
108086666873022226717977582763
109185819851410807562933041717
109482406631971507113599601763
110331737364745915773001484899
110761838867233964198783824241
110794457588385004712932316797
115051774014270442077711462079
115153350057155725622071819399
116440938917621482135923718271
116796857957613909351997200583
117898110625722640831925744243
118317215684605076523112938229
118634087357317387048531606703
122816112460761188496970855597
123109851501603445089903695461
123480318453246485491300190569
124323249999951699191014476139
124800441477758318455150288697
125215667463688944978604041649
125345330114821481241118274489
125734264594606031361878725279
125929512404715554141136347423
126164439378378413576931454597
126657745431037676666414301421
127964963272847127130335850667
127982970861126451005420569941
128627896932357347636294013931
128645684361524327922319675253
129490147283498443116322901879
130575462509709982947931166269
132349132967563753547454896603
132613409720958579023329983521
135106618879604260490391938123
135974001146444815710135116803
137553256920867949691376375181
137732555696038949094697948243
137796876875948733697580840279
139031675694971494346950408763
139411378429201832927022082757
139548501956293336385352389801
140241278189406137621838731839
141592630925431929071677419737
142328478344776743161593092029
142524970902341685839456089709
143243170980205168501944069863
144389621989133104835175551411
144702778388382723863418909433
149154697607248357725752472209
149440413374438640778624490579
149667417152388388373648875429
150863994364507208725631709511
155331254659679700800354995427
155628859946652034339085377099
156251138564649063504663572707
156309812219813702638506835873
156334246043337383404178530807
157150582343644324241990085913
157378400421326648816226936583
158555757622223745133808960387
158623143604662878902828273519
158967625819019133309133295933
159645742500524273017673729749
160875405340372734587622794093
163270545977126615800173845573
164499030089752454007189474379
164554630005690635842040822657
164601547209184012971236853977
164642240365199682195065626717
165182714793739026695249197661
165579445844834941847811556433
165642250329175658573078864069
169268324753438794267271497219
171809500534559177841627322447
172205227524302601613675358191
172502699045504295155433239701
173300752011809653711072834229
173783950229332928202976118293
173956360432339126152306315011
175276361604166779488365668607
176658800002371367740136694717
176683401791048418991870712299
177890598493633613939526611677
178582118726524998683173329637
178771407112131160073337699457
178931841246607021687632347231
179370167547775810104336494539
180859747349554992252796766423
181494754415697316143237121699
181706617517210998020659430271
181722639426260404000148627233
183988236502759966025907539413
185036788574135959849185733711
185347866390555708106593268507
186234439602846716263777097003
187565590416609334723621770139
187639407606760431088598214589
189080961741961461696879039431
191572902531896128550595091099
192254134768516563118837888409
193481065290350952763484633023
195611628601308821030616074677
198870742524647221138030728719
199510781660391440564348525617
202692143976235190995171981613
202760376201106081379655450049
202969902807020235761240042129
204283925094197922883702624927
204320670329779888578861405599
205054976921098214739397590103
205221585354663476645699162777
205337728145498041840231289221
205527668689115595144851668787
206263412542559502028730957297
207292369332996779488397076641
209178272902214731175993760679
209530872262944930783039286243
209829195050260951697664681149
210865552999681780356935804371
211399857482773147457496042437
212007685399889921676196113047
214890210555542494764654306251
215021845340054491441628911483
215333979850017127559654035691
217856922007295817858417213973
218846568727866934944730424683
219953514413090156543425037417
224944922246956558242227596079
225224756859494377724271915301
226827388978138277354853880511
227076392435247622300912025363
229067579137783897003748413703
230039439183056258085002505017
230278107818406483734442244457
231715023996814655074138519163
236350143334818795196566507227
241063861752410321223662280521
242143959030410173297930148363
242613258068973773136207239653
242687950537430826276034648783
244284674582071752046828986397
244294037598728896755132415073
244502787622955621812035093997
245327391486121959949625811691
248704423424878091474214444529
250164707202735594198555827479
250553761385553739061406274279
250789781082704967873507730403
250843564376763013604147407123
250896948277173785694664773157
251058963189997686164254025609
251570251217851694238574801217
251855455173462619971126657559
252123415254031180289305276187
252816178009338113605998281863
254699170150683713886004330129
254816444974947624315556634039
255616592833586263983292888511
255840483661693548854860221847
256339566995978228724579507259
256792144806072143874581388641
256993009963343873762940358067
257588958752953620656105551669
257639290989670930006257696509
257927281489915961804467945403
259712847156025854130941674639
260100202970085027460960792709
260187738271004082779459068669
260590524805437762431012272751
262873596442180880863424655347
264395819368529007588200048341
264657096934675819738257101129
265986684167849567157939927493
267153529261456714186470822383
268831301423451608686157251999
269081873170568655587250282581
269828343809124397823227384349
270263471204002175780152337551
271412658023743254371807028299
277224750790839745658297786927
278102232748944882888448829477
278159951589254485964395754807
278891982505142610072933669967
279520888173682488671389951597
281127316617243765785048530849
282564430071162862078498404083
283075694022940213245987534067
285921573316138401279256628213
286963712574068155395971517383
287685306171342573454313279177
288315999015573442444550145829
288784058785541825810882960843
289203504899469919144781072291
293135704561265833125544151269
293275187221090274792258044351
293396785227777228220033579771
295492407005554881159062371649
295494390546309290413256605963
296722223493242890706004730273
298118957028318972718166317681
301055058400309548055815835771
301963340334712320926892095821
302971334200901233207789696439
303488143635059937026909418077
303551701911886861691237328127
303894915869840919163850586509
304338273761454675838101830563
305035846427200709524852546183
305327762434944499104131653199
305645798686073837001290481353
306142573678315761461051147041
306819096443464478341816251929
308802158193101400741069128683
309111900723027193629852782891
313895392902281286452800827683
314035499967239768998928032741
314150774724756091156096548583
314213669564743267546105761023
315199955090731099265408660371
315413635147687159784081260667
315752644731056431898002497383
315913836148626215120047290247
315962614139078807633022635069
315984325466103575178927401521
316012847115259277215963387211
317504264357955880859567819707
317648001906079613043811408127
318663943684652981937862320011
324338133719559039976463952983
325323844696694418426714934789
326344610466639161481693343907
326430812394579742650037928291
329045407916696720518012147993
329099747155771006225984417471
330729498528308045948844927617
330791362260555391931574337307
331612079685844368399857214629
333140611008271265709518703109
333546483606118474892748625769
334650810931451809074291507851
341290824339888450175823908423
342186893754651838227493218889
343432992293631447157201796189
345017383596044215776138328373
345562499284799856528753662947
346109263009506544205462638831
346222489873764552281159463331
347176261000155227961806022809
348141465473696575657998383881
349035732295135664561679247727
349536927029471422980231050071
349843405352917551214535812739
350553624587586232938928793323
351801905641365757904826367999
352327833125314203194188795207
352345264629706502097584716997
352729002961752253779782366309
353435531375099640384321237971
357144777104977663590522539263
361686764471216129468653135393
361808488173869559350819776313
362955261211704979241734105031
363483000214762740337354158899
364392232088203063046689907987
367026803591883810237666003839
367407970761570689872615670897
369070846752198928340111706349
370970277337661025435091413283
374313891820029826165984852909
377433686242367859297729181031
378072732523271847800731618861
378748370095428039636462969817
380042197308418015628202132133
384012472345507818396242000689
387942298280812280069637480631
388144980883263188344658751911
390375243006834335716379071903
391024511202148119184788823801
391565321755100015153643467443
393492462065892488510595879403
394831402478780280353860092029
395802877985123593049307395053
397276411965965734308102489947
397314520715483620371799189649
397739825245273506069133725493
400514546883709652788739357587
401124050099650842267953786629
404011406367456716347478898859
404080640033862860412903363463
413367418318761970554558136259
418917324545348428751771239531
421394709103240607066229400663
423651171456230536197462969637
430454810129525316964475559827
434910063052053355261551860929
435880510522326225557217611249
437941942332255579009362634181
444291797838730360804996253083
452108359323113232224225162297
453724059680650099432695595219
459132248192666306725822556387
459286525393313548506619234319
461597983543985292777138708827
465646152362921410176914896451
469543960695000369442850419217
469861010688254976188175804121
470294121796484244953268553963
472588788960761507508048903389
472954636427305615450823946043
473211492680235151173519053609
474365429700040001222787495859
475068560239083132519080941927
477287109578984123532883296869
478994417849528205133308612497
479998692351754001788895274361
480689354912750016096134767747
491636350423462885976764964597
492662552732220746067999652523
494576865627349133613248491729
496349177489260746455056765033
499120516330196446545450667949
500839444696885633533645442309
505997894556534112512529979363
506709894382086904814572935593
510456672740199118407138822121
511653779602671553828941852173
514148928137184945002842751231
517151433633594585535511132509
517982361577196995412210659901
519738038723820947359299781823
521508672367140909524461487587
523793918695297802391958616327
528301433023636042463309737877
530963606030448639564975615839
531310377379017782297621183959
533947944332817186246264364549
534622525104543390549956076929
537672884157550950117729133891
538667076597601232402964306469
546066227876152439670498802393
546738320005358223150167311729
552628103270715585618310067747
554771679514371205116399241363
559156503851162729436811495277
564932762704785023828414693851
567125081567397794890499179177
570066378891306081158647230401
571027329692631388266902822261
577065960762443963806359731579
577596981161694090969068226727
581700425208338880779415490049
586866780329239161212251033891
591013047665529014314137897481
593894041476669743541906980777
594358701301317351894273078973
598232314755631634665889217277
604008252288366271161720226001
605933614909584670966524082447
606141226122684825261398658187
609205872075657308652734444033
611674489008292131758247460691
623003070082436562948531803159
624672506052060833620226777327
626560911530149795520735598251
627709300316674933624522049393
627920552448989607012074850313
631453224782661253122922255607
642427584304313668943258388071
654732048453840354818019085903
659595022869972491190986947279
661386838072443328321402887743
670530527563026344604174728243
679090497031820971545380787629
683844970069543596382466564017
695528420758505695537443612517
726870887488317794711062739999
737988120211433362700886189959
743039682729631207475388798649
751081902937254918907101148597
756580549149771556503654771229
771483971503339635068890122557
787862484141794874516997519301
831509261778588587405159377993
846803790067090382404940188237
856403612906192973852041479219
864390729468601533228450888673
874176586353413894234618542679
918991250123349530406020609533
