149648423334041361687914490140685017783
168659107281903403395292545513002814731
190022156223719436180163657044113587411
212293970158431876203838235854953925983
218017873996405585471627729574356976929
225086137786982980806481093615731768409
232898749500665890650179496541688682853
235776076227034567252851783026251714357
241690897220484161661095205057934518823
297316881698148436320883316176503061223
323007579754044623022606576761226420329
325435421367517520590785294358106156171
358333258177137873782721118097776194731
358799085000115311059790278540084791589
368069933429706244763884782450033304969
387277697129316293032023820752708939151
396901355227622509238877441368168357341
422094456621117788744933847581339549429
426518466420201272550143152840973542229
446803522048258797954506764073327373277
447892076266118552382856912465218294649
449829867992043289451345445281480525717
469299554610699534198062720236291863061
471366090716795545518418916867042480419
471417527615857356502191111763186879493
479009263536049418379395316779239474217
491147764877768050155990016185660210271
501952609025328888836847123577793770721
503437035975344294055847547395802064073
505087863959387740828558546691555212229
511283563513339238653248016646466103927
514334449960656918375811139775117332731
530826830111167596794050417591708539913
541968265389922080768440490276225762169
548195954502734331268261261188455733889
564231729186741778583600243297072880253
573593750231813686194738509694279724813
573847302577247262986234320700356367299
575257728419887758955584718377682443689
583462804757154826134021735316387023409
597062707397561944126517080227640494493
606637599356896052316398362774695396061
607577548502089629800027157664552346581
609105048914450830278166773353441949491
614399092439831783829961123694169544307
617930338681014275395858906402978660631
623790881046272069990852778097188495319
630274274678064299995780720471627851247
630290111794031594657293018714086289679
636350261671245043047490455369856988167
645588161420450859234845353323529876819
665776195779836726632087749098465691079
675069284663732839904404169277112809569
676762463496219530305951609307971925579
678175587426188152563775027506724668401
688467129880230301735109856709374950093
689338535729382603281688054848005220939
689359131256871297366084225754644496649
697091160550881964913507201912766897559
706256122875775591976225319488005891153
711930504405699798117449827448647744033
718864583035884032584852911938163832933
721498469416887123356458892258027632913
724939653380876756198347066269000341063
725428315404010200706316890137855267677
745148134401112392632198305813081864043
745763676427349251751136682533630352663
753172022900754393141141585110504562613
753780850537839321077799195514134710867
755152175507972620657285693818026724971
759686671941177176488416267415287354037
763120807342396435287134901816432900947
770861789291423969507966474006590770787
775376360174427766099187153084582436487
775800624159002180960025990956427891569
786763335188887168849469837521567929343
787849232187867598665431545156949072611
789163706816719683491039802808556102377
792599509326327599663779771055899187059
795720538673554819151733607602475648583
800984456983668047171179950696938791531
828496854728612269244726363009006181341
829915788872106888345067015006241344967
837223812177013503318363790896150936307
847377194391326028704708408023976655467
857330888803253423492426551740219662149
861626044952412750963393911740066856281
868491761446315837385146095964618210807
870064992505000148767476190152411370933
874141139458694783945663264910000512737
893357511425458536502416551075120059039
895164778872721255402375442109726308039
905033958636760716454751605359099310121
910922962463315532230289945854040292403
930718190177297976617628281567539278713
931331048416005584897126781489198721543
941191738254159594959251587339172886981
952828873180737864356936003103672852631
959721415141908423936434572780631171683
961807114753629872494106236882374719269
968082512229572770937978193736997614591
968408694729597104882116523598497805593
971020437759356098613016512206743436043
996477639506011591982111074441851053249
1016070668011624211533306783643782342573
1024123825993333386417865608008626864703
1032107910238473790462090363236657477877
1035262594660257363110185240099543662139
1037335390663076357280830558149351422569
1037542638801143276031053053520428080637
1052492188358220327823924205675786399263
1072115592494293722023738915304377183303
1074505055516417555032225112876896592651
1082349259514516462831928532752797586677
1093898638088633290190984888286158857579
1094772709407698908873261926150318605719
1100390840576641774562690591569591924457
1102275987425837693317162953564847181233
1103125526839916802138643990370021813051
1108846057474644145704439295573392286789
1110656791357909289779332197300616595219
1113829040760635632464408846571881266833
1115906932099526328251067154341035406847
1117985292661553406061615869129617738539
1119804714903877818094484247475066687117
1125337060722052504611268123661779170559
1131600526898579246867738175470711618411
1134796054756356578758159237669765804541
1140729290889398249055374085080471084399
1149809122842287696337116760757801345073
1150084986593307961521272785498421775691
1159026402234248453731972770322962456749
1170252345249899033288262978137423500283
1173829930295061519172251217337913671743
1175478348938082208102799307135326208487
1177839222192899671872710057938398802001
1179763745544395026691205210317088694831
1187294815403804921230692963262610725847
1205234611617767787528709516140835835471
1205586259297472142221120354947351878047
1225541973703109748052441625392077674041
1238386988878747125595438482079181385241
1238928866439763704911179415646428241673
1245246609863012908800300431376842446963
1264003722111245640565260175005347519267
1272275694399514258243810558191382088309
1274167229036800513996837981139443535873
1274681701220494927946546167240066928261
1289286182352074069890543626755472481403
1292537782171419538940963235431548191739
1293613761419983416519202084625582366089
1294187632566966594036455898010312612201
1294559149254190734749899020745967600813
1312546466530575544389573788933103089353
1312791604057804027693646739063464225213
1322709402141580450528873276488194731043
1329360176580636442162455628070177086573
1338054257477387163157908445222757241043
1343333873170122729868280167280491104743
1343457803669889882890299600481891883097
1344284733117033027183360350009516186353
1345080183165237602237426869590065650217
1364477439151766864818122617922618263041
1370032816486694483329496982146864218751
1371766557285593537503354763795818471403
1393016012499686250321314786227885847311
1396203202054805711435786094144198734519
1396327743592721018631070273117266539807
1403039898865014383298927415289509151233
1404459545154507899142247465651421217049
1417186031822213171048348371612839220577
1435412725630566944203510297403458735987
1442275202675888079885759785862282397933
1458118445428714481536088105592282880639
1465078959697169808521310034568581121903
1469642098025213893825227905312921051881
1480603612841840395091722882486454504551
1494628588175529619101696986424963116161
1504456042466070604175835414482978811829
1507619169708521100965248406989457272897
1520208425394159155663688388051879141733
1526029963727444976975167540776127845579
1543914629026976372878478800286414171789
1557146969616450856004167491409558829003
1561733414858905349936462696489181081821
1565872036468735793824719639529320154511
1568198274680407060096183484606327589563
1574050386124880709168929380806394375781
1600624462526786432642391382842134315441
1605194871880358473095506136670984499987
1606208911136781526520579967385144982437
1606482531389391091705428798845716254149
1609564955982119566374980424105666012227
1611929614834371488638500821128560524201
1644998604544261503785176872821775098051
1663145825587059042090332352702542996669
1674994693131260566133527067001870511681
1675309845264248008957337353978266286559
1685134815448763544967806537297760636493
1692228990739809840055479317732391100753
1702891374048804920902597844226614555561
1715883971171566474007576895317089528069
1725631620912389972035923030362125343369
1774516245899436899813508246254646531677
1777889295611712520989667036163041391797
1786084920721100154141361323334787143031
1798650381806931465817935244100181401509
1817366288445787520357012281252016167843
1822167013546061803194934240489218024917
1839637794883564247808894571707676547501
1854326561849249723529994383604537224689
1907000039416336227111494924623523027969
1907460168518744042505670901613252864851
1909964317510809191472192728605473019421
1916335053977687971954496256363517037869
1920671273182697515554706969375292786381
1922604703395877833879329486338061157319
1926016654175231747175218081338395879673
1930481571739432448153268686275937529329
1931586750082239461228602582090216754231
1931858610174364584637877510540720303231
1941000579578615324330151637188209101081
1957369727320648386184618223475726720527
1963887426188382335048640719180885342561
1979638485133946499316965609086431830743
1981010794787380672934697750503546645251
1986414614328432036544606208279039841517
1994123567375966444894664284063705247019
2000512496105032508355271313751874111357
2010407815667291451081711051652244129497
2030950266266763743348113670902191845759
2035977543056282767266958908623387404663
2041675490623683218719391587075185440077
2057184539171607287751229956638461255447
2064380241112566367310224664783324359301
2066132942590172670426993438279686206843
2082728031720716697510394335555007020803
2115294764573770263948966834247801827769
2149052376791151556542905475051545564729
2151224208416978458363153344922423271677
2166491768545897818018301859557934104717
2168703988466586797328529180857534985949
2189211364444519534462371225342138999319
2190607630150855385880653518580886934889
2195731626874406645805912269051930234989
2201872062227016655561391849038123924097
2204580776069194609277607358943830756909
2220782162713871069414619416362979059891
2230839637739724260985885329151458146607
2235705896333185032582185269001892557389
2236945509082517515394032631645802451763
2255689232001493192391505839823396348607
2265609317758324806902335486517524565393
2271810354701205194780671216140458756237
2279474020047263000585650040448143154293
2283497795823548635812512371020640572829
2291288688688170972155124737133044811167
2305885603696014878785688646006012220397
2333498086880460040101063947856312848303
2341719846303797655128343742286972436253
2347858026028772966596280647483819746529
2387465417859661999086739689919581335707
2410262105323407584004069344552662803281
2419940450431811574971778840160999243987
2470899753276226444784785033605334241453
2470941999291286040256101432386212251993
2483273061124622676770877350524106493589
2495020241422015314163241579169020531239
2495888102296331303865035566634920683187
2514864729771892962460937635374211070191
2531267290466144920642843473260427053261
2575367223915655252704385094543775493759
2588427483254888312343224203036052835091
2634814177153966631867338189047720777103
2638366362236123687718252612063479812567
2650356919078221175564008854965503101113
2653173306477356642729039648234258019289
2654954288344001074093861650926317675967
2657067416375256937696565782382596422641
2660462174050261579635876035311272195157
2668718144067553887605818851074818413953
2672430064617196192314502688749619541083
2690258220835209293453618868445751677351
2692600670776401639989471266006216922803
2701435126245035969746273044752477752021
2710117299544401605373265227197839481863
2726146407971589233549456612634015769081
2728070823946853448041009649853047880967
2738992049355403160327219608536185653093
2753757689343208227686365521356096965591
2755298469436420353798944422854102415631
2764605072878908548661927518394679977457
2776251167332482070181175626371425147239
2793637795118687012682298491335152929569
2805051018984977621359279118737796051071
2807902861061861650268039793906656292107
2820090628421167124195361672778804243429
2825872244325022449674287473600222527761
2831116708345864025546506352484228979723
2850248904167348437832360959640913938419
2878402833418213793671834373901928418003
2881270209404755564586467748456071206629
2891499928051280958005095879539084815941
2910088111467237494634665309161625442913
2911662817084068790135027939689576253939
2914192071105688647025573690326279493561
2929699067685943364871557183295912197551
2932708178533947830450581600465417036169
2938714294409131411166984259564182881249
2951863247838932834864595884387332239767
2955727270647411317507947071976711351199
2966461880951528370391300965408218520271
3017026482598169638887586905691894767827
3019234114176561648550905983720646331691
3019385873291792928362390270751229602461
3031568278426818574988423206746902122789
3036454885091359456889127988556262695441
3057253008333148780194791997948344381533
3062303798907795913419452559491464786133
3063028928277707765719509701477731420889
3095494219154383055341897576006025801489
3125342381749653796230486136450523255749
3125819237714790531105763445036504412857
3126925297808946561268661492891123639503
3164219223732049022470110753081634088011
3185161040784110798790272520194396610857
3214407552762870331760510247390791282419
3258389784004889842171824493362712560001
3260608296562844180720451029599255687067
3269936247172660176454573319242808239129
3271312765668824119018834694248654792787
3271808490239571681752411061993477941671
3274895021497852868455306643321948171461
3290432865671196336424679575189826657837
3292155324400178026029993518441817603899
3301645297808770334152303037780958724469
3311636164487109785021846296149112623853
3334792882410311282336889474996740710903
3362267143406881768025968911879705968239
3366235640078684612969846484186660990419
3369705500210213316998914383179444268071
3398909670873370183552787997122355610121
3402742676538334663561516263014697313303
3413596925144895912537887278710918009017
3422262510316886661150263980986294110923
3459662552444119049466755010898736907041
3490552862007661536678248171924123055821
3494571653087427162026262165294311074991
3497987448088299190168171603136651339429
3504191342779921106046489499585363959251
3513124259406119414606380383906788681357
3536647789369586430138578005167559209157
3541680296112063905878338783238457858197
3621819971193313863006630489275843206651
3632445834650686847275873351978441092463
3635073791764927070483626956883948125269
3637980492297478838701800897398895804121
3647820634688403452340503966065089822991
3655797233960082512231019415050707496259
3667691084272294896147424972805252941229
3677016986249367705343341303889474627363
3678238023684785512429518533985235167799
3694292907921760582171379799443277174329
3695324511450239051651069381350677277709
3720701586382197524776778577176878963531
3775260157390892453805899487918936617351
3787361522748212165539114378926860779061
3800439051150167875765823278952949444523
3803480952303891829022906393672393988757
3805126529020277679965515462800826732099
3813382055879263665423820446612071046409
3819683269750467190188799160958330956009
3861658905134015766269809951584530279243
3907916248638486588647466597702322497359
3918552461283996110941615997793976229311
3925522301529762573147906926097929409203
3944471114119785991537811900767974482357
3946019637244875633922519930032486803641
3958662563034069506064869657924471324201
3987061180620241537013737656100756131871
4017960884193882108533674709196660241711
4025032283706306613120182574931337286877
4047546931176218595845566291368180784993
4083744950189359198331499736038836225063
4091420168890640077098915267032559317549
4092946722650648141371039418390949013333
4097562405176358375151754087466975724619
4119728338402371091898308629508151696867
4130709552070543272364569126386095301531
4194896495914002827775939973407537570887
4204783106451876782749079316631789421597
4205943857377035557504723178380334341647
4213699938759076958592812604972981342377
4242637786731112469879549289897537272941
4251270059784827708401605900525076116347
4259682685488643537990760731480070691443
4334761448369021390821884237061420654987
4369434316365525177361804190373288112007
4410706512181473314457789727956290205269
4412257020145179362816198750938131830731
4424333492716573588018315950731745872479
4424705718268503069720029005776384836273
4446038556901326402653845795473880805849
4454554116970135477655804118705983798959
4471253219342273927248632630262850629207
4507027815089070190695418151385441920911
4553064632635034197254907849132065616219
4622588968082389078197922813955009562593
4633631861543002329114126429737898694859
4635533830094896602757279995886812360937
4685128655706579337505119254763764750539
4708427858105629307233712027031506093381
4742669610786664971476461875713776556597
4753836906899382091811920310967710803799
4764459310822294665254984873619507738419
4770975010198542408433099114534210247791
4781159813722329701273418698757932598971
4810901173108689376013509525679143144903
4863503564269369913484506154962602081253
4893349693367438696791391944008896814811
4923292432688435390247398586434320659067
4970326662832254616808354158158084370787
5010607254409350113430168144597014548037
5014286785493565160386677299827759424907
5077370934092436495460766047407486813341
5093679492214318070749519554949125753947
5108262791802208722175035192892094186701
5110396479879621031792455031425187784543
5161550065332424205921590767393267699971
5204802739259182148015127702911034151399
5242295298480154511957049658691792215633
5248261839973957594775210599580972427113
5273943224636854484922930196805685303883
5303548918032104366743476921373916860501
5335809474290308979572089200285337800431
5341826753336406896661591280619149787633
5348198989497966700650488941298058838531
5381713863320484766039913832457287640391
5406695602102156368712298823495256301269
5445315282181033873808491383352464395531
5496183100695509821823417543664671618299
5542824856545154447465193675698603862353
5597487407998519853522053454297934699437
5605770332207874700991947915783401985889
5613140964719743627874956093397768145601
5637140777109210902663744225796682878619
5663757311170436832467338622766726210299
5786043962070499500624702177299653110139
5835225193500041895217777404141767011897
5931469952017630285062154121316563049289
5946829921079414591937938789805338755751
5954250033651615239166650077830149149651
5956203024088342186071532803477301351243
5975132247234080122060996195780884431939
5982098832065310039038456668660241616533
6001556798435575998606400119696866553929
6027279038878509547133244364852732214417
6043158390538566832880151133090572868459
6079920200871764249161016668861240575083
6100169753228088670332970601510253181759
6102787884821654843175068807593447651223
6107233070283057550784898071767525215587
6126691485935593331424096458431322698529
6193136778735307781742879921423492822961
6221210285498766068360243859665616846161
6228226045426603369437902829941491907023
6231433481511054740122731625938944368757
6247388857271806644148634248098001148357
6261154809396189238364531909739829914887
6267437647144837926108549897058388815949
6336193299677440890190093667573159882881
6348073259927771665034179548164525821421
6389912739398155791629173663897780779109
6427600051007984735174865876431420274089
6430135803282536267484792751946421325907
6557006392734952776291320248583189055781
6661652574545930824989954207007279923017
6726015776719672239036279535601701511291
6775856433171450234903507175991164599229
6784776027584941962345681960981700292857
6973667923978835242200343295645329975471
7392610287770597871319729742012941696513
7519333801493367058635012918242888671589
7627497396380392304350853653848736727797
7861319758346718144830111791290793223447
7886895947199219047317296778735650834457
7928670039223718222744212465459029422431
7935797381377444334949147889355590869731
7972988667892630226176234581909657080363
8122404954031782274082390431200924241121
8180589497728813365079087831249244738539
8196987027483242263518874088300724603691
8203431145619885908738235255508892310089
8253089918407518775141646341147871012741
8346870493022047836409082719713715633997
8396748611046874378346096466838347974387
8492400937269384810616620862550552301301
8547434774971994532809976302458255574171
8578258926180757606875710093687162599891
8612077530824335570830667264191499145393
