13843
16157
17399
22577
22733
23701
24257
25777
26123
26167
26563
27641
28141
29321
29639
30397
30629
31007
31301
31411
31753
31979
33277
33401
34547
34691
35179
36059
37673
37949
38041
39187
39437
39497
40217
40619
40657
40741
40981
42319
42607
42733
43039
43279
44743
45671
46339
46357
46561
46961
47347
48151
48613
50429
52109
52471
52699
52907
53297
53671
54463
55577
55669
56261
56387
56723
57067
57469
57671
58547
58649
59251
59291
59713
59987
60391
62239
62431
62519
62809
63269
63881
64093
64307
64523
64637
64943
65081
65383
66007
66331
66679
66893
67253
67471
68689
71303
71989
72263
72517
72659
73081
73153
73937
75151
75311
76409
76859
77437
77789
77827
78359
78431
78613
79523
81241
81793
81841
82321
82583
82829
82949
83183
85079
86153
86557
86741
86759
87391
87713
88061
89473
89543
89707
90521
91787
91933
93451
93469
93881
94019
96559
96673
96683
97271
97477
98783
99599
99691
100141
100259
101623
101767
102209
103487
105073
105851
106091
106133
107311
108331
108539
109061
109817
110179
110401
110683
111239
112117
112267
112711
113507
113879
117409
118159
119113
119167
119261
120059
121973
122813
123679
123689
124373
124723
124807
125123
125479
126169
126887
127067
128633
128773
129071
129821
130187
131003
133363
136001
136469
136847
137561
137843
138037
141217
142379
145619
145801
146467
147911
148433
149509
150809
152309
153397
154093
155959
156287
156323
158063
158299
159889
160477
160889
161927
162581
163069
163459
164629
165787
165839
165973
169187
169517
169739
170083
170909
173939
175547
175957
177311
177389
178967
180683
181249
181879
183493
184507
185617
186127
186349
186421
186803
189419
189719
191117
191819
191923
192779
194171
200143
201863
203153
204863
206611
207439
209303
209557
212647
212983
213271
213841
215069
215207
216031
216449
217631
217871
218663
218693
218951
220567
220993
222331
223943
224173
225391
225487
225917
226411
227963
229457
230039
230533
231263
232481
233503
237943
238603
239593
239651
239693
239839
240817
241673
243569
246101
246991
247883
251021
251819
252067
252347
252661
252953
253597
255953
256769
257743
257813
260929
261589
261617
262813
263231
263563
263713
264389
264427
265171
265589
265927
266243
266257
266579
266809
268027
268193
268483
270607
272309
273223
273373
274217
277351
278077
278189
278471
278699
279287
284849
286177
288791
292913
293719
298901
299203
299939
301837
302177
302569
303509
307883
308963
309563
310067
310259
310543
315209
315253
325529
327013
328997
333967
337417
343549
347647
347953
348913
349799
354049
356809
357407
359039
361609
364589
364807
365881
368699
369367
369583
370229
371677
377969
379553
381709
382783
382937
384071
384283
387349
389993
390589
391147
394463
395051
395077
400801
415241
415411
415693
417743
418333
418907
419879
419899
420713
420943
428641
429103
429707
431969
436927
440533
442331
446161
446707
454589
456319
459617
468287
469537
470563
472217
474731
480191
487063
488771
489271
490489
490517
497293
504239
507473
509627
515057
517663
517771
519341
520199
520669
530483
531313
533087
533153
533461
540767
548479
555641
557813
562087
563879
574841
576761
576923
578107
578129
582919
591247
592187
596681
597953
598321
601229
605179
606191
613103
616487
620273
624493
626303
628181
628211
630601
637213
650171
657521
667291
680621
726403
744193
780727
815593
824737
833381
856423
866599
871921
890047
921071
