18406230355234425580573449050147802029454550995598439704271
22838234061489570443117061312690821827579191835239390432943
25748923878209366263265644890142776112806986323251401948669
26415426450764196091176623020301261542577587574859548841343
26437536232473529835287405771348512622518999949012323604891
26679265071299697076609260284228963037067581436097851999027
28433092518861124219239001959494745236344593723668005755421
29349307989621574369066881631008880411786264106496319559951
32067980805896932474062377848675571989454033302304433665689
33068321536801938947706977308409087823882693139641398328257
33827522979629145445774245343019333965677483337848344385457
34629674077431123224506404422936344593636794419660628810611
35016679071020935191525401992307325831496139991051596197717
35334061316760994420384364505470981528481961714253287652401
37091428764363693602204515907122447976347260024286112544683
38210707660473509044011901018305467249163872825343662991113
39840698868025901963736391902633515131199621840129408097211
40471496775634742938989654349080245332609759603175295733853
40499333909029879907236573122192749830994082021362005330061
41365965106888537079853765924870924786055897021251470430377
41556803245418643861665175896765819957134030781868950600549
41591586399497436224226505603606851636383728160162434573913
41728477753584079881614547346933424627280351096949680121541
44756344664062687235309999787001145063430612036282791751799
44978156275819109255666155868750872908957145269394420380793
45369484160043030123243180860219982051709293528376207510747
45667147044966847114293699443292114468798066783764161809977
46562725853359210278854412356241660509689784971066357700749
46666495811683193234846631217994422223064232607010187108687
47225285756136139272921267295241551456461046458290902921933
47560681708781695064664922372377170488036394019301079343631
50341954401586275006579729754882900076675350152369281837231
50384090750386659607657522874305495342335947143145632215947
51098619189794160682788200662298661264362915348893226422463
51334776536141768498222296916585224947829398989429596516439
51585899725697582497810677200563300685169046816683913482013
51876129470042889052288972628329479994315125993237549974213
55338092743981422148512838584899708310350642952105102377903
55619114439452575009198898557985054081448912685128342938419
55630589220310244779124784848910505451342210499753199849657
58062241369740292259315809860021017094558451848404524545031
59995368833305291609546130093738147285036434955091250865647
61998583501939168791817015032813575307159728339088781678687
62415765656961689802230546934861050994033735628623621568367
64144746809957564656841365840544976773012583055462935333787
64200986534100837198452679471430884682539015386292204329389
65106677703873373586745680595917840184351554840470057794671
65570988317472367300622272036971983418251658116508904382941
66776063777526408529286474122767375784934370531606291679823
66847050999293146287001160408300971279481715438580555998703
67453448617321854242069331662140825689884322142758402850351
67732139101438548188314989608954712262788495675267219352327
71823357661648429324876180082312643753803293051869504963307
72776527100067805545962768786342360287786593409121917572539
73830233323468327246418478580628274547180458101053476139517
76537652431532686742980698604671043490807829781975961302003
77111808004076784436424750908384930117763236484700658132103
78465496743469722479265034930548564907655028780769614503347
78834371009306447822012513892609215156183452688542561558009
78864190597330620524236111486472426776926560737963994758217
79055173604931988350039588491123071095385502360321602897787
79273121640923133260775527011510864873775415470764772451337
80267704352328595507921226060891795015252975462679514672927
80825160749953519943224764805466992528312718081503884882799
81493963791780895095329940030914606462148902128164000693197
81777153512823675878478249483651436079859456888657150598231
82133293120523075732109620426703212430549196406411896798169
84890337519797014051048204570663880510678756943946810961561
85066803022552812381735269414106112744940865507669153417827
86176926090193719969160196752484527460953570013931164497357
86478641800329034581275638234555652089566196202322417159427
86486126804878902210523464319677012908809002132372686066519
86516303097102648383540295185825663720008718414064456481453
86585739056786716262466179635603243850400495865312365527941
87796112545694157211059943006381641945498894596849948886407
88436469164999499334171540372513796707822390443368910566003
88553861497895681178250826983691587974607844925333879012941
89675769370093021015343324010453925515806283875741982094099
92298289076538324352209079586635389733108635857335954103867
92928777556023424996101507152236050666204391326339739000711
94196396694370662208194907845936696574400460503110328526709
94941345921891566570076184844631308485385669439580355634013
95420504750765627045058555393268255836097437452391396724709
96363339224759541078262313698854641530693426219273029636773
97311899307918842723060642762106517435364787491790609896723
97966413909287279785785475422735542228889355211396923301033
98038085658146107325597248194002199441739140787717290976699
98561568490044793096817872968070156613496204621586905525959
99254811901823813834633005588023537984758703714033663950411
99581483023896152215755686165281406272658501802214865517341
100842154977539325642315579061709717436587024989811660559271
100967786590792312685706747116986831554180861018195128614403
101069544579479722588524696225138137805252710139887764748293
102393226327513509884045067422550583491144020783010111680321
102972511727879488297046683677505804885730003577838397360011
103404076345049193584972866047072800279969595939876042428837
103802059672696562561357807685262040244057637645271391988357
104427976721035171614401209690796078859366486760424473089097
105111764531201722661561214803295924583906257390606986281037
108180526227255022590738306271551259357570266493303910204749
108628077210816528416191133655417934451698383690580180667033
108788676933115502417680270207093297372330930367017380680353
109204820471092944988392090230548218248868860622915403562491
109264197348058324713519522265878260410458452755380765881981
110527230686679096756071010056621531853602898603166696981111
112698271781172711804665637516222156850292727764140671809131
113243203848615787075853245311828470417532746699548014527521
113351853557093744268762958833458336486668681256106819884021
113489497330862935938891748211793720751923263726276146748377
116331315431556345633381058406470957605040167356185152907499
116594798686635202207301487891863868614707416475253982394961
117199003152964184612074884883104517275168250684253027332327
118054201467018144673543129277132819792316579571064246686537
118187837145741685868163832041108670148450110285702108784597
118231420821243948204769147691253634086863539911669623881243
119139114876905030826033966591025562772025983345631957889191
119951893294265543414026678160626817819959925904801675735097
121644379787046839681877665218476357017915910028430794972909
123100148830156468402806446489010177912721138591753217764213
123195190578120611961170841463482881642020295782244812859759
124307393352505293547145294267875183995064739536990236211439
124409624964161294284390408627341682081760619910609440798709
126776180918884069127182141628533912187266830960763859122849
128165464378148025687212078053709239147437168072309225936949
128897726926998690847908959957765082245705253947680565686249
130508822535407779433373492982799877708834338120587135859977
131142441075417456027712606144911514726440022448381263642601
131218941820235959578220658316745211779600617221654044420423
132494694237029148271553106896784772071857432484458922524659
133162562879362455011112031141570480991488696304219868054217
133512332023006727868495213939480127414412152705171026305939
133595412729566031427459742597812372973216232071237906437507
133873254061368984812203943573801486898293830573003200709243
134800399857061468211698460074391585221378474738062501567619
137820762023723146749348409817050100094174320073912463348037
137995673241060736486269401868506600770421703438988675656359
138106390144458337998362288512143359702350108091560506794747
138498359688437800554173193247572215815532276556470381733403
138513185523481690147934809304711368140230524768463766256339
138557387216088070335829327431786322920139976498639873883727
139851878286935051514065093997908323089253468944041034833549
141284469174125550132838539558277399397633037751895011307557
141364696516203463336739972818362673131899682064174405060561
142339546673986483021280095837393520606850949144473355491149
142723871308878075443196831862086520265315664416753566711631
144634743804598566322243852802532942336296905030369277048911
144911304752225524336230132912809473953290950309202800148719
145755437517417550468072143279373457893571151568864932353477
146552775917395054009390287254221781107339248020014494097369
146987000378782923022733449820517295367043686875650769896277
148204728990200736153390087869252161970222718780383588903153
148246870512400517352108788597946364098310173330976017752771
148345541352765889319248220456237516168993669888943731617003
150538500568506353014505603091802866316855153028189971945787
150663335990013982194898432451336908203175665700600728565549
150919048759776310208366567097256674655923975290595887762953
151214870207100729104003433907585168753781377196378166380677
152187737871124361574066571204338283121072546200119619922533
152217105035617371298530787097560921620594561328925835546769
152453074544750425588959555352106387373426154960662270062797
153500069647518987525973749509040012632012769942390274897123
153634652789588689637889389419449344789684299368619012825381
154015679702741104776542514040622792425143151256789926569883
154575980447867768495037521888691764831417265821642417242943
155797632225246967244602559791177068362192376615601696638167
156634097161543108230418820149280200510616329302139159258481
158991381975399095907451667656510870208376721587696346400257
160649609795445960692683128991683275187743563534709460082747
162436629118610295632035951427381283335437747348330987700479
164115849327452629691043650489453472393384272147509674438461
165301851217582421649572438393053801905793406696048518656589
165346687651560995223514204857673040715775687340659451483201
166622874981622930902216326747287728193051538539816379657269
167131631212174352489821264760748107800247435701065114521869
167430611976290474195698384808903502132643332759059617784773
167731135191827850858089221070591394280402449728019634698971
168106192739029994357207283407298534507434990365854583605449
168382671063546162419196970050242993725229765253480879767381
169338759175679942362858766366792091535852800486962675397197
171734588611382443923920940653094845156639424225897054391517
171840524135321419074141243480025241783933517485746735653059
172343845706125645769022114851311374751337901353748434364373
174395429852538830251203550210005669777874328352805242044059
174915532434673168820737266193375320407891849222918672522483
175332339725231082060770138571859011494033903496245679080069
176442292770909266965932457020270798814821281330029983449993
176445438902290612297706456792025671189681684454545522451103
177609268464769397308991415783515271186364611843420389222423
179032204466930009219340425493265580648884540264125459719633
180666826786933275377433062817815109833593481197409951094553
181269932045662456480787168011029193513371126062766315597809
184992912547654843926895059122235530913957306679682778554921
185315521415463291851449119059007891899159925665952478105153
186743628210367191004432405549287250458651053507604395618663
186999806495559481705406068698530048341315249453969824910519
187080125833894308194026768405397050320256818278691648993049
187365866458381440581457758634351878885122114797331649580973
188390311347195682489427764225312215522933918082916223179233
189844222934587543717033930449256461325450977395559663606289
190565934001181876934756426925552390948044572973854279017391
190779180553994276783418254218853804681069856601326658334293
191387334675326818836172669434231512200900507654939128517351
191535210814111049196495079431565981187730230088755060640121
192335684356379706518139072627582832708611025577428445697817
192401889241604774300790862859780689296098808519580549314491
193043796116094992220493615458257150299651812950559745509971
193254558956633990396609697189462377349809889318757103382913
193627021302526148541194690317048713134385946296488174394067
194062956605209419650625026338809499234576486366483785308371
194350396835194136961071388898064807534569373155133974817077
195393678992637767317034591722280973819669652114459757825519
195727018078118279503878779973657432742494558268386783792583
195953501635330246941629475946171629855303627766161952292189
196047397282515892631257855505745463570525527799025603201801
197381195609021898879211075863636050330370115490245051609013
200107213762360163640106660543419355286387756370530394169211
200974025356498782272601162050524355202995930837370952800287
202083221828768153395463009925681065907961190411701029706907
204388507771866040350151849968816247377669324105740751927487
204815534852303383509731984938126828508795088048477140075897
205037466686658404342298434887012556545461248349254725156937
209651848785967659110768106284636477039919293248088771063497
209927639047224580513967131778872971061291854151905093535937
211157773681472590633094811470323577587044400195018810900303
211438457183129332565818153946982704652898569816314058974999
211453092300461732121205288181271994316273678318288863178693
212831947868859674779873817286638562131537272169187018677891
213982429050442491734292955154360475277174239818575109135291
215521661117050759125261943403916006049022357037013648903129
216379338118523128732766247868174457772766468657749400250719
216779060842337808031495004503315709316676566098771302729243
217368975486911483876132222055666000824783956901343396630067
217674592638440921999696477499533824167774803147731693939387
217747997951950256925465024637719344129114794711115631656419
217887697159909444603847315439263263379763251535587838602087
219343533721010365518247101596309872961832892947295443291161
220166117285438105867939367158994447259473494818929570425581
222369709522320927889884976376264048172581407412516799700813
222472844148731364645650497207259484625046409652095951959821
223498399752932107866675356271161570535452797836126101175589
224887921061849153642947384288538962089712903495957491937277
225227687720876325428710659636772982491256462630204247648443
226533950460763040452794390359342564585675106272818543284371
227841062805138121701300733889193939348998748917551551847171
228016869957517116514221206546328795468311205018431121726073
230027060981469039058967438988892346939789659451536991760647
231138191607153498045452578866645027340476367874520828528149
231392900497412014370257141405639599486242033518599451805627
232368812345551088302416168073668114679812960577796902685059
232518692796275668860593975069566604986555757912924884481689
232821920898072316739286969793596767637944637419344484500907
233057576355636417477505748869322805731634399252862449855919
234816973995877675938257955919026961566280518928134861505621
235099010370613762255796369486514381413705543053404449921513
236096626754455837671196019002497926914121154378919134343019
236328065113317188939111550418705920125230634638958997181807
239951122959175852824783812983348180324288288863421977513637
240134414385086868912180853771490973407130766001192669515541
240294351511662975443045489967401784562859839115241607703839
240745697151243323829846817252987653970122015847656530138957
242543495196677845691834513639019857270576839154682432070183
243345045558424766974891706373769660917856291668917116257983
243610726683976925498197642185616011298671377996019033342949
244878714158290417935893532118239108365513908210055807295479
245605151504542174794229373804884383254778283025034077965109
246619766207661524756866448513251420745598540640417269906581
247217373905646947381585671325149947919351472735418838762051
249567021847766664434165356675851955302186354077702716459717
250146677809551125283388212361457500674501461422980935633219
250457803993647833578946958648712595788396108452081986382707
251458372228293386228120793386729314138990371211131265613017
252583288459327338525646995821297094286906397253042591108767
253627139851506662807778556380468830763087225248669386104643
254054203855877573091903184874887940840211397227135518180107
254504286999790929870928573642770949453594479676511769087269
254680123185559224533404344882105126549308913631513861626019
258447267116883824257251554379988826379121627888284778075177
259417226506241953768801456364328704601885710238426891107891
259984077632112385600502005670756812293124204448185276444703
260040619615332234801943156059908124516080947663529273198351
260426993447447189317320359652595732595245570149603468948443
261378046105230946622250156835721367228564964346567151541931
263712606942622255576078253332459366723049148656881680166049
264809165836206139505614084862374844879154764032407676492783
264815308596451597959678651110772860116936374445126186409531
266424699292658341778063305007231350945974445872777597036641
271878621872194904435426049626839777984897724228532792915541
277915671283773002050345380229510161805680977817703461944263
278912383335777648929579594272760784881623666864190605758241
279038733617389341919169876183104807571887162281785579149531
280556600070314751791114484549550744206784104669962689807103
281088715312393610010195120675628328383113895742519026278271
281711012319167598735289921105184516051272182044839826374211
282124096758328066523531214336072626908143118961383584660923
283277430097620198083442828402769475214917499960068074917853
283396621455801479639821229069091002762954937993518768926277
285300351425210742093703259998819023121386033767003238740827
285604411115032535195706610335467021422911294881311210275313
289239017735566576816024470017630890910798968693336542653237
289506526287078943052200721826151375403211284886023839975397
293593668237400765898059550677608595741327355816052822865001
294333091153257538052630372566024021275214252892953191730129
295994080219801386520917296618395444565108048037024858414557
298469907372175541402519658243064761420977690820597812566049
299208064457684653223449156455622720903019264865851901638941
299545180638524700024837832553139534474629484194330083978991
304074249137891653207607776448951482214259094448720176841473
304502815532564431010042712366613589113500046601484285757033
305202591635523637442773087608096494533655095401950181024107
311158019588795025640799372391264092797918546070768778874079
312340835350378608366745939364558934787996190518285824711857
315918912279653432673746129125460360076811819075966295477143
316659392720646229746770226334442108337592659026255229300889
319967526215437997513604749266981575634297289311551478584809
320882101871715681528122164670766180957986557340989841408711
321896534493505311237373947573495582874556290094094743830769
322486836033584219823951481309899994507589980683878447391979
322752383410440576639350464042409652538307754349693714571521
326477249407406918526840089841529586471999538181033504671601
331684697194263609113870689898773313394497169153215460968213
332347577641423774682103793232092208561721529204595770274153
335555218450004275866436965101573189273117380842096418013233
336375270963869528138638084266509667620420347809210947610227
338569996319250914676698175357732316026483787019083128802241
338722234557617376725312521520313573759252358178508101453569
341251472838346569514976374426250174211451952221371362285917
343517040176612479734060970508247966366126691334307302670631
343967167392583458352470452346415961485932231269744405876909
344755834153088233920044694918850971016256365771900821196067
345861889221832255870810209619674232956677111123860629837901
348942933600132517291508571591372822312773963835913239533567
350226166397884219199727494081324608235695676353773852590933
350459689293772606266340242550989057979921343570030000297009
353106945292178691345672790527085072893336320279782715629961
353925476066097331348956904531291374259956044154337224991867
354913263754231851010025120890473027556522206705242263358627
356100134776526533292695659311749977905062831854494348442079
358369028871633582572910501479046686229883446768239409111841
359273683846924009134666369007639979450757998488907688933127
359588681627355682887506025739209147076572122078131396246369
359895220222757517589786679747259475473681239703353520180391
360159190663242129331993305068347655658190628187951466549639
364768602937486718167413060638709173141040277562283712559497
365038193666935630213676205273560694411787298188250513462447
365091048332526468506786147886719533083957640603832759551943
368137618624407223811090049137419024021011625385392443665671
368655213971778203713751403747015559295449090252724342494831
368775190137464814402732257494190823163625455833896158088891
370808944475188016264648483281242644272294970583304097334017
372506405240182769110430108300168513013324348995451993239333
373605481499989638420399304057380612767892162882291156253777
380603869489136839851870324899560661594840461358826414049723
380944031921111138958358918289283491597780657868229124230561
382742955414919912396165616096140194006283548939127209283777
384061904356853968854953610175652720395479614052110966434661
384660964271338170479953943884109561439099263086676540012689
385714403461327493400720107776801301302107261043868571895813
389011686032596361864151760948881957984784933088939862798571
389604797667966411871414334232226077422288598609381368941661
390974934592488859189025733369462107500940008926987836505391
393710050189964337830063892358223746264921962172237682353937
396699583750263969759405709612550888441617146702388996733257
396789608446935815733383958533557176568908449551582133852233
401426926222455058080783175529261457177405903263508272373979
402771331286303029414506012853709382098876380150229231877157
403020813260197120622225083489686434470903389298148202967849
404565772311524717888983365292970433494928943383775282743667
407441509418103556146952640953613411067132714090543615927347
412978332700306421783489435959203205129572624830710075744147
414825819524480028111693396706403403807292192539414955957397
416663622545194816171213971108322806241994927015015711961727
416691224170773729470051633430251699212470556411536583808699
417544681282818943713980825807213587262677146450370256033651
420542133538046218618166901901754220843080300716980270899069
423439480016689525505142559410606564304319598535480608887057
428686146716593776073375852632451996529946583153273935030463
430585355151298853993107931136666711778322364136052109201533
432185563334129679464248825262468623608591027735810719783839
433426178392353942528648353005457873853284512819663892712479
435891427096791237408698247844739746104757851159361648166423
437915866281618656508283261360193911533531855744453899270449
446018446231234515263862377738280738011487635638080754556047
446406767066958464538590207064484248279104955462778405151243
447942655794274038827829025912280355220602747108225024934763
449684750838437247171422616820048829703088418865052827079877
456701447068887486227795956609244772401469925169529082483693
456971245940098367088242497243993445333163673891893207130451
459683295468154838157473237623581513455004018514379460306913
466219904273967889997013498963838886477066178794418137719789
468931632267963944864038817742223103802066685921704550830841
473768919899078349290285557054241433813364081502132153008921
474627691019641961955792678704103847364898922279665741534949
474982345996744149601985304657933980931321765670323104890321
479138933035337102979640719522975954882861691447056708743317
481948037482619468638128603906492334885387621592261523179327
484141479801919080718784874502675816766530903646967268153441
484852394085941667863641157950393824919075282791954545819563
487624037479491371021141528257343363103959670649456283323793
489300467451861756977697279306270010954663231634419022560283
492750778190839497453538410699892938951597683041553530676173
496676149681438345128454997641795437478964199648928277909701
497756463191215396294806475561546351985136866765706836734363
497806691290494324233539625829262221580368990850811330950699
498854547905597523441918368340700575396065046108562844572411
500130527684067777962007566503377376175379311188605237174079
500581016585522607853580600237025881669810875931979884679197
507578947610868212106865628674375195362567935244914969363933
514250852274931685102613380927371355739847919197484787238363
514278058108459213025891852816188912883528608552366640922739
515489148578924598568479670615316287191777475479585792351751
516632280785510127765098177049814874402391094368194027671711
519676728391421226905745506367661971250802677186775798387063
522069834524039444241067840174830367230830331927591041556863
524964346422976689272365272595710983173834489654068691255993
527502716374076206366725186428457075563374720552490991945163
527941398256098939639300473139517729262771640878042905424369
529126116020618817692509930505690937478885823450537960468123
531322168120392785029377411530629011754469716931436464476703
532070591829726288698622951287433618823254189831325014202109
532099340311121278915235753530290490870012058479484055978677
533878742076265527896055579532709479349578609010551710755929
538371857640377537065912097051164713265941239771555402464811
541283697402154805774813627562463379220659739140444593315843
544013029224724064800851305585817389167431066203842810311127
544454832187584341200438051977660766559154056267499404935429
544587464991945998056623290233090123401723321654655025660797
545986739159353527219735293704521952018265186738927276093107
546186338051984112238667586164849059066983857655669068140037
547867731805753537618460170026939433824032122695385520589319
550854776430099418073438879935793055142281105202242360013253
556087155237225068959105073096971498848141994509010854268807
562846268810565753410001332731681120769974498037958756786161
565333729000864425984525171522638084106194573721923221482521
569578862487981577674338134686767100955812754304835566149007
570127395759676509379569755650376348626373809580316462857519
575616144344746573481644459001650822242206002517216881118617
576676316083587275789277454826541314220646543507029347138783
576872563779472511861805342916851535574487277894895174814011
577530471744314523543590074907004338771413232851276911816521
580201641319170843964138736312085548453869768449431400996529
584394931524114116791643676751450157336585163161933668463911
596280196181593343290354233905177733844613743028059187392991
597476005435982065036734876908810897517618126245281649615479
598575273646402518253510853270234990239557670878805993228691
603186929169407266434628924293634146953776863912926351844607
603444430691756227728085298518582904628147119381584190576437
605400027592180856465284462119202034233102829564801296371077
607144153188361614772177669520181713176743221542366280340197
619877887304158896051477061991502093827494948464682939437247
623059014971096447981759208021088038280242599049400253770889
623971918918777818637316863144594268892589832908755656080489
624719186736955352223700844443872066264184158739959842675549
626087357606465870972742870409031690110604491174341492532943
629443594562808538017411091197168164994776953242562546873139
646826906668448576387643241784509995515217327178375044828731
647736334503335308142623711626040139479718597262936485295491
655194834418056846767424397294046730310446100743721451602477
679671023782240982057170730466147440588542737721503021174787
680436805614292898642506817037076848915452267436321383265137
681025968410450595097437177707925739963607367398132755405301
682311969931165000138692293403724822415378692285515695076883
683687161706141926365974736605351690594937176757858185220731
691829849130439598571542927505789501373180556261522677678529
697930322581851578350225974947237459676820070286928596710839
707890403502658809085865785264375033463562508198758666386459
721765141420293289851768515601824571982458782632345685816849
725555837918411134863943696125071389311755415523065572117881
727556130406116983809511785403891523132631831391568443036531
727653106383293183116699663894653962378611132826386195097629
733228476538031661017378292570038368066751740184695393606601
734629663227238731153407994284471631775818634478307440273423
735799066551029927375957228892027448470339348921947330571667
741340972246503565877268998154608562648783558288992914555541
744976818636824425268680934358174677856652514336199921879041
759151992480382983698147264969441157797964220143697635259003
766114164436102133310300858699840084818115442373722782940139
768997527969667462085206155696189195342102073921875681584473
774076654837633151382483483671673821928695981573920163904473
797953675426614818428600438150134798014985265784501325702557
798564556545104456886855798283937073371272658979018031659107
803487476885183283220074550012340448076288984073439551451547
814029166993788421806864389623573197570685212862287574622689
816020524492114849278888260836910979313771443897311334316909
817635560790023283195458989375776218082728700779119790892899
823029980446932513880822678841611477763571344662516927390337
832609118481983375656976054983249739650693370300442611247841
837800450601754898936285076350707010999069595835174344438593
837882459759339608462057337789719316989690282112899898458801
840024513673203042746368427766475416165107357800796114940671
846737102662432781342914149122916431910476195877607335968317
851460617932914154063304000481292705374845622588608676300017
856024669527760680668318927600607527206098894397919201534807
866958544682184438626719708624632488621314200715604428631869
882237340370363736290571644149333361901881978944677863706769
886817763104475992598408980993333306094995480544437285836687
892802460297258082168099956501703037441978025824645019131939
893227059415911351662248970139528627628613184993271676500633
899361892367930291642385708342168659225543732367698876466413
946846632877634805165065010801928613159641613694127700492741
958000848711469552342905320186640625443442907125621635204991
