2090646477466963923906132678501523779338186872947286728133790649341957348154973
2217628380088217449969334211957905746056377962163872227684859116790540674769519
2238011372251317772311391710366178969812496521881459007101206824144443914868791
2402359696979047106036394454705068767887216977721285690330568234331198293580637
2657097989559776743558899276923516139672068169316883330015929109617437183043807
3027778290735883193926862304273681939943342483017237772454126368410115877574709
3228517426624350196599310642795142518770486040787010182287804959635945211214063
3359854422157021581756277832430912207229402373682526449235634505648730719030101
3436294362441628593440450308758289816926038335149477572378119928398071196533131
3742716824501283111004083627253002523542816818687161528550525794361724212081303
3852910915951201862151752541170642524695721778576247787535081818279738640706191
3930690263699137187112171427753731926919915774762579278203253688394068475040039
3953788188361729870271739457510151664187492999680371584929498004081793193278819
3959386781898460914465511167904493128708467825142862401612114727686477448171503
4049466663686218977326393607709103843229610146229709718726422620598881533116593
4100949559078674926859817536129224047990606103211545108074708026713729963759099
4183315569544169810973625832659768461038016964466722089684187760685207691474841
4241528849851912953256777738328689795429374397584051943056011596865385554561587
4431438216547341656902622411684128211906274275917931473704527032065457324552381
4559645638344629772663576091715012101265900740046178271878765606676746516790949
4595354581951408867775267524513567921147352308994877203141946632732532795794381
4675699636908198409250400288009757350237716917707319950199398126095596090122679
4696656022968519249336992464801618419213705104223543152109994547868479975598647
4745883879167151616515682092196934669263608951876743995311562065507907778666249
4823084521357019369329287891572838803702307242427283862681394656761490140007057
4948210522316357786990674146120808713813553449343147309858349751775730173424047
5001474899104356914532930785109145399671732003126586476607770247589843811698167
5016472161314120807525902178188213016756571021244714234804712860408972730671117
5095508552265907413904539453510073210962884079909641425469229637956425842161161
5135771849634261540892248078300083848024825963284958444745274651338314018578277
5314289514875040530498998789466539132763277699339413999934813727413363902740609
5661091826685145359869052368983117842011050434053997700506785894077751142384119
5819165051353422874119418867294362024600503006447719555742464512229748002113847
5937577675261671231490224137278051258121087052186645265773479830364314826956393
6005166306719633347035480298034128367372540679846615930703701518464436905919237
6014202518656217776169140385820343961555070892484913981153150629868155238681817
6027598653094881739046922548378175916116123351166127149073130355842058864206121
6141127737786162145420639597697108797402166464799314628197188777933623547594671
6418713980250509535545345688854123004948946270008525069556171918303111251196553
6566645243960291228147790399488927804035997027262604642859585553825907832505179
6627818066692077237602257112685974574394348509205391023114522304592805134093919
6636199792281610425179069664643132589677122609119022339696538516284725800487023
6659959600663785029925108006378410831021591754457544212729366353453511364676749
6742187548034634525308694992413472029457868832449194490424003578067966315557991
6795863441202705206792859809164326059130072630222939314784455912312489609765851
6800732563685428136595695324620114972244718079433734608152647743611546585392811
6933460673132012570592764010866688829956313796958851581317099664026573914662339
7093149615365281832976559171585176045925506343311926646362226378696415592598877
7112109148195257894944830878240906641040340754375061146972500882309918359790459
7158476835202130991820606739013246768645124621748314140238178814918715966873019
7189022945943999728409723130931976508484816730117281260160581770206518960350247
7190772541379271093903391355571090138304795843790196938614522946675262575631973
7296325905744833711282232345959509794512899759743614324814288997085491637155597
7426858995055846758499263149511782503481670635276599750744539103028888733525961
7484163592645297141662763259405933267059918664784568732430246632488619867060153
7643187799398107754010198132582078094833021887498597650094367112521498658983177
7724740813957183131617408954199584693392959456694528738530571571668013817930941
7801680007573801973944376401622409820961983476670497606373377574742777761200731
7856586137762581451836062672657156945047414311568328057943630573083345102406541
7918912943012654721029946398724368551977251336052833579952577312164677897493361
8014557630347616921789806686761143937336652903479572404007220873297492513922127
8082565923182641806755420564644359108389595753073597129935141610274036938048811
8109999837465046257392509264690432631817962535353005003605177437778035003404451
8186045517794517570585897436865945525434321459213434771540548531921095133413067
8236519698288741709997878289109726360490770642257724061216258024691867582924939
8268682990252974167509561939043742950766460375263077714816943963501593200174927
8279875244465241981914768152128946581825899070778833239509712818611079530124171
8291576651240588150693010219597298859947308373921815572752092146748050291324221
8299660094234187177377211429926390792574484359991041595013970921257155287701393
8329647274750666666770708531586279878248237028332374757155953994723359388606219
8347761757644066081079627377032462765046232860846271202142590508335308731451469
8370717692038436946413853319123885122154590187076110466516256837974262697769527
8390928730415487019764403960557624185779272936170299416463403820912928876973941
8545042893120131486171593497280048832633516949212589338857846214738939328924383
8800744512680553645365134308882967100517734223335120252083928425248210443996789
8807717010244833073676494745176302152107406881052079930028371242697803284635953
8856210232620840916205725717240228412995659651749498431048314161200754666854067
8859269366248167819970366066296772766319582158128223915685866921987916901159667
8882485183918615135400478653715058299285225173873226326444809666399559511696367
8949403074229841013828020578377927515374547499921301894277371687572762285375769
8998619666039903971770144683459634459941162010219629863516513055014972007650433
9138899244497459263226512555111519610092309604884238559625323045560183943149959
9183453146455767734415303572635897096959703995335623238566098806097955604830633
9192788004172369670916428520543787934281385355544957671011096052020295057306847
9307672759795503012256066079827522864309264408825342122612041323344047136526349
9394093608340646840382577618879270701707854869684061756153848518997175982841989
9432695329068490224546376782688521367539919081028756682629246350990088408494849
9446549309690523547359802204137465514966981943636797982978455049619858835064071
9576169812715003076631388313712060571617832824064001503658926844414089763890073
9646338826010046476927879848744734888963146339276913660604394270691641219193359
9738350098850022431525704563633167054256433504271660361994732023980465675011511
9756695327900453926607125467983130144190814929016497032010073261661642242642113
9944135960797173134840968400593583305246554324855409289965450897689652150194523
9992594138443708512302155175370620409797838138983847318995951109255931994366453
10081123822632493582519036696387293001285160804352834393828586811498307838260571
10238143722830049655654049469810679074149099407174507254469813050214752375418529
10325266275320809733769223854322860387192386362519735355050987223647466211806701
10345036909187559153744754775419604304940853488557865447560674684358801678509321
10482166808933188287471444413971564118196671107318212439651860591459421796417341
10520150224506232140009325740391122262319170371028310363377808846771940629427421
10542693768912005102394258389193226892089040006472794830458364629321590166627361
10772289421168866453457617768855525179878946373435366200672327642520162380348503
10791079262703833092531184105497636947188772123685812804147873116317324132468357
10809600431440150489754018662543942998846344608212177829702567390157801432094409
10832708360622494797403368014972028385327386762578067089721718298365511059007983
10876036460953049225534125767406315892675077419266218024632849907714057494455827
10951221911593631013356935611873206689415776862683917631631488188937283081783747
10958105184508314469786771410104112192973964034188216291185261918271204445909061
10976115468074164067921894807138723926164036891852565773577747105064562527044489
11246282305899533936610580775868239474389894874742303886554345760635476896160059
11269688684428039700986414346674527206331950876002100631606414817086757525177873
11279810027987191049363356212368314765706772746002350058531703812551606993364453
11308531045492882112992916766149682385666601935143294448100959580618961002758001
11331995787481517295131351188614061811604746398398015295657585982249417940572053
11479010118125229579258215909844539427342110492084878780634183627437178225679907
11572736248507130598355602257788130990327780039773104998505708049721081281924511
11580138372108529646093760647169002393832626117503598621955303651103189327618381
11592220795754360478098262977155052367213153221397961927055441609256401536275599
11597487362168082059588175763856067724869864294983904026392699106419557609730951
11631543669547631698007840579463857417603743722413064284215516137436699175219539
11642032804667605149469208185489009605118304447394170078617851935249480672414233
11756137689677002462891576996797792764043478263672916875021218018967957633861139
11761682882691196277171638083690584300350328041368145843838400383082138566622271
11777614765875913581749850887412105306259829309345453360722019677653005047255417
11823557117443484209877015960876501975424289712614712955946761191512702419382223
11826894254684359374538347463207841365842683882796870896976437482189835122860919
11831776326744484913449086879443692454977820528598503729131083773816961497293391
11855180387711442648116041967625669004782582439613975256535523001413025825284701
11873061345790623932133644626089462090966615946399298815895029844143804997170903
11920944695824362835553220691555037574202372084004547935075712944279207282388199
11999910062552014229142146093767082217827141566178403744384430324399364082524921
12125692874311478423966849037648688179408129300689637545648871530093634882335119
12238649644283063816449199424524583149481865232940927004723897821520474860763073
12292539424300823600631464163045553587823408193442857339511167094971926077917893
12358814622047271994895606863247007986890011698949367908094066249245797465447177
12401036848257291914247696799622375978066858038212742135182151495851304225707253
12512277454518189468442895616716936557018405986278159442680228992121409632788859
12577259977870664565583216033883986217740581973280868369893832117123963009838243
12808609546921316428556200415403867237849974425737380551616289206726069573353667
12813149287031701896278046986479051133459361060359952929437666271496994041617609
12848075294119258754827266918997293769850249838276291720622599386814775384436773
12876117958499131865763072577330759986924618731540750005405992136176748614680353
12915405153012902926993616710656857157480809277005569169008914186804248047709207
12994249368937942225545066468644780323088102797312658321480362368957367016850109
13054630674043153237293115972510297570413630617646244082205714793921798307455009
13074112296346602442656864933201432846780258911028214939701580084769094706702927
13511915328331837265997353918779912106207299774256680980077654228224558415889757
13697772243395851096253075305649560454049625382546275767186240705128710048004869
13781372864749105254714159734679712749833092002178975244841392692871327769594647
13811216908645833281285585400056178291605984520628228505267537697828588624315601
14105993330741050656154412911047445499290765534837562154559945546171380105477349
14109144281378147613063845653870502013899652142984654343133913124099500895483159
14176100015793018142405511957873210968011272001849718494239006147156846005541701
14224853282494152883060101521949727542016081838192556829974360626413565179645511
14274847122691525544294235730039467413784001795092522022252957778114889737647711
14415069232515908558344856327638063787017080829906683693034934678676668332741639
14577507410028954474215642060241457895422764642477918277105732518047156357037967
14585176669569521306935689631341780285340537833426733738026579608283306507731593
14624303663462981527141691124342667512275670828700686737353246923601589493279271
14755104719236320804997359369633337850569854192803613445470263705263261729205741
14849033974159784851986174688133140703498473221566242529154452950509388218172631
15019214318790082416207932780056242210213115566256520625287051764876668492602537
15026835453531207034333335422318927845625198695497335814550729158515343493048793
15120617746977146717923643694057894651083855601314717359904041484194753415532319
15222019565128283807016986356999432757380608816019059682039799592015469578205331
15474163250533723434081445410418622639563118585618605464616054121629086115421011
15628178114939635982774407277764686259236164840855226547218229076217275293521181
16006528620821263049225905887017985583034946624971742947039796889359782065795751
16027654162223449560105161023788886140809955663704949785397757398437857372129421
16047106241573120076184252920474769101823078357660021075475598400928249942701843
16071284133944027794935557917159647291023303784905151306856339703722556398325399
16220407958334935851948540219318099986512205929189215739730420553189639611287203
16226058036347256826404000121654512869904332909923788818030742060013408663784039
16291053217496227061124907808802506049899077461654600679024122397751411745941849
16328858398400112718182696705714247800435380632298634234060975831552683825038069
16339186795491786014044645227150112009822129369879320990964148991630242694159197
16456713749329947557572740573745609586081894451205667517758200723996728210235579
16481085400593203466141943554639723112532711133344032304945080553631366525180133
16486341559950990068574438704080483753094349261359255395067510279959597520543563
16505809054932227477437964705989736269259052220222406311999138103142938029032949
16677183480576262562019906278538391088143895840047664269003862112251435390084921
16815008595259218301415627602181015933721808978899494367310585899872023439185361
16850811514827816977827499790979055424960472573026688535590841873509303421325773
16910169258486683528958278982371031145310043191470705315692876629862076007686027
16949014282754772160143526185966140790757030167119669412162355041815680235201119
17376815508753466275667450379900294091049596098108712901415777059028039960126953
17404197414877551353401643143512509908279716153697671751783200265340770693081453
17585415647976531901973739366163290325614526729267541033225122088743182338035789
17601494680168606362182598956792640374321765516831942732049680686649833491654217
17622194486336786427483195556509769118344382551236359434844145634557540725107571
17652055129158016242322510068883545695672145186731096398351144231396884102101287
17689269656099114637676416588163166093554789393456672110698056167694652781538811
17747559840817872086458959709909889752010196031283971643148125845766208958963601
17900151547395048983663112025805621686183429433367513845357981620823170986432731
17906892021822097214373673622353753744612832422146985058786157702929575606339429
17946989290258962254226860864885180516475089233198171792213466122052043096709283
18033311940698015942744614460016628999455307999595058181783615908580387211903833
18081292206792067190565780156262412788961238689567360581056375578025885297007993
18201046637727657169080494875469625924215735380069103826001518441522631244456551
18279182450134328204272230975609975988926408274525704713564274939697668602309333
18282557234383137170242421975077751447773532949366529384666276500408993859435403
18418738534971343616562155181187982866064695054664334575719272179738642587681253
18488638748354427989535950661830687633198416036039917677598317459610721027432469
18499711658596258909658359159850844998074399411627216935028832203274134849630721
18580024954535442080926442520768841263995318408451860889985538996502185209129961
18605455172235943901548027559705294652551375065935075476730902657015722037713127
18731263425547227615440612645389155622148505584552139269268408578545529035807327
18823320772312333528903894453783114961703820443043864989434381921830482133802113
18862141007909251494326954859770533512088694314473737216208481276070362008130493
18900946036920783040968436240199454024861829991334495490816197931949429891193539
19004109563824147716750241588419815019184622138554916366662295812311196258334543
19008608640375673783188103385577756197714620784880157717457178344344970765448877
19193993355605718129836205373188398870148857061703869660873533806095382063503887
19276966380883590744365622187288541001058568274670092946616029216328474153801321
19283405259279377750472890255604098515232042782131644546510188051326689331537511
19318512249788779551617728768855343692421350402014122689837282637594798371010599
19335604354202159320056810608245330521530815502292768405877961852919473081930161
19357438475934997682225350875778188743215222057424001721979220696904835998268417
19384811688832449805407889570023906412746193617578775366890786951331315631338809
19413257144079137354247117980222753538759694121239334323409797250558129160190409
19731903178673152256367319958603548642507691594963869225205961075452636345226263
19755291169188235268539447314928685518785657216008006652375913349085257246003477
19768680915081317165824218378005579790798583440950496658509920134153733560341893
19965490910252719778270442751278756861597202632597110811374281729844241587955211
20154004457515352496842010829117604140742335154384505552752937632138048398714313
20160348689827050660946647627355021219562612385073733762844576952691242476065359
20191519411906866521783941674276181726229383100331387299531299872642019378920877
20192898992353735966118586698428892552867067980321473243988393088719719859614721
20357493273967301178203286388564575354585567915838744083249835191588679682436107
20477353556778397007803027774086417101215329497421286377817961811683467827574267
20764631295712577025474070903784985617967486220571236222767127841007001096174913
20880008597448666209152643721140793184491107303564147033245857137192271808124459
20884369047436396951866189401297393222028063485791097043014094740836559788269013
20928761193275611758016318422316602303688331458350876073487506904650083748344413
20975572461662030920341671989797037581137086136696339051928199230799922920068227
20981754840588735691983784164754068572790933605775345355956488233525127696119457
20993246662630749640768096042469307609246525190494183518636384227548058663330747
21029298825102624337682617504501224264932252002645035893873611783322423897933573
21102437515737599259918858515376262518958040286652995228065524631031641270302789
21283874117859023609817329419236971522151299068776376373005583819054846967854359
21308410767433767831080970523109376183681604236408475365913936292196208726141423
21695512437668632837516409045594283495480448104964575803898113030901515606789561
21839995804767230639741479599037728017329112475643678349738305240233896250120077
22129620357181307335406562340154160395710164897032234778812896153711955197799989
22151416977691809926719122024498082557910287390088050025519867710986262121401161
22354954200235541208698452868719440966399260262881909538057048401333671575818711
22396040421277901765831834703348115262542508175580223193620349214194049672376713
22399144533279557757534245439460864210095237254284520367701565992540852969972413
22803519617523978413201495931125772304500462130383676995738880893784595332520251
22843619039327972466352969838144832381107798373366762176314995205913231322151813
22943069198089800017375588086749214347948220838715841256777320766205770361316993
23111749475062528394691592581586304052181175796340692751330897561059937853739347
23221206044340609549315385164943675101646252752801073650228162107919311800700197
23259597916979210716834636941799225543805397862247980482204466377368762558006587
23305914379970167619954995722315052945843160771026005453528015776252036589930097
23439128315837182352773269852302439778436985957844649396245490476757956982807213
23760231201870811159481345972446814894625331282162956039686362812186666312026453
23973070804633613159888274835777031731362360770849596643236493815547045255670611
24084006334853443150007509790266033621269941553371635884759804995421074257200611
24092425872748451422219380406921136421649116277301512115997446614594717472211277
24114153941479763521349980999893503731142895939073638560342658659759856544746023
24140508407996937575762074611953324471093675496533425947871711596702743697982999
24155263135215508220693326610267651376546775405377416788123912789318343748870743
24243886878641681475611189758913298306036693254404240037617711633698005343242453
24282127004196135738326886128762081592273805689715584490720929663351310660153253
24302733132613967071844233065416702125849831488967572221962282485723507049577423
24305374772286341905584488566453089543418508609421058188889925765889633292380493
24521388505502885815726391108329576566076769696414963662546413074598886296655051
24525798059735593916534557659696605779944048198819411125852531029297590155148277
24602313998952340023664956216348710589718119242705284281144383247464433346295197
24704579784796660307254974713889107075740568639151780031712731906720672686158251
24988222936615684929694143823402589202081785669095990311065836840002174267197707
25062258836090674210071624110544923660014321410467562926259856876759836719783833
25081493832071159437834849641582230018628431119273563565046400416636194366264751
25174380271739870885056094046970501953525203162166819623409762091204872439010111
25203450913736481363226258557415762163913074182878036962592222149074855526270137
25325497198146822224297348359169467212338798905168748514748140866845383439372229
25349738601395258161187274379311153146282735800335765035895733219789066267290221
25416167884108525967703733472285811134103815531877639398500840556014465906222321
25486835993947538323243739961592140590384730673007624149500563397351625087442027
25655228812750171791471431701614333253505912324709567772066062487501875011268313
25792493409076578009099665305324542858653227067409715735062979678623374335547971
25822344799968671700430774276712907895229095400199843409914358594807994150008129
25910855967156720363201293427003529970794102930878029857601935606035678864079471
25953351907185449593184792531375494281967061175671997736247032809062972565238813
26087731921093223239840748030597396552507575639891556474963765523048062205099223
26291060930580164208398890813935784977904863976909908349898343667942221613688227
26326936402713823110365454128260241689286683566787507458067413881643893331718117
26346841335926076854362050785208127374258646908805172735377745791518981130418609
26475723092479834076821667976873010871119525497757731425147951761606710415015163
26485392544799928921312844219580072770212397281940687603094282415075611196439471
26515948592801370663471085958189966891082358838033422666152739148908717716130147
26578160750281439958817980888048479433251259456610112414776118801288064662833273
26626468227493112028982186562590487471563768303462899259651607424324788966345149
26893328794065713801973298792831020492880635608439456034406467740551972976007919
26962526456814585944028616420766036067517384032799917859164496807314542402636273
26963053958136405103988099172350939012587493514475975294090802197638645835953511
27038459182732280185403957468656212526825620993194406197180993926170617350356263
27531794180646351094565748362027547975279916153649930581868683432480119653359283
27669680732908819081747914217074341060448404973960183258670041474557414934408349
27935212649182461372048526808927472147729097012728347871169061618706305543241407
28211759688991712406722456448674571389856143960307225649412405314294796228547817
28285322779132601194632205006591885353162856946883045348695414416089593619667247
28286662962995529795176401930552124572465164737645994171532858885931987102705243
28405430607159504343268151153773661465655882220633262961111303264258736935325807
28639362222259996695876615912272905016312651823257312103307772813728723626492991
28990822232147587420650926563590710930772159469676872469914027912102986013266277
29000506600521792783660504210253593590496952202213690042493017988273737552200703
29168662414561119641051838298317231661293894021953577602430601472497978025511119
29198540786352834939472903545040699363141850060781263541760454897135407271297387
29229129300256878804277828871824248966842257113752036777001233866820388811041913
29377995626494162200937371654389873347746044910652529405778776356170274268233961
29576826565481589051845773882415905436725514726550258452708702090491962466504391
29793081687701011939137577575795125170992012119831525660735972240195573385634529
29973890374038412052170844736657222344503534432392455798775724643575766202292283
30014757052677624911061319122242339517833765099970166773960670497178945785565541
30049521915135508101955362562259635680236968855159865437658889626335381620894959
30137403016613717050005377206570507017137798766904849085428345712111504847205541
30293547576865159716164151132307673672197817895039998295058920380404930079347241
30308423346739772464291729309095284258294804283751425231278841930824587967723737
30381054491112344563010994294974905267809190937824683603901049680613510732608493
30461988211835497635006214702650996106120772153873911771785328502575938439025009
30493900318566463458268394463542367934202540353989743019673305687702911243220091
30719029386758258329522855680337457284258606662023654316368800529542900511716123
31105289296177370158375226243044247108260125939528703461003227354246875371663343
31211362876301096679435121894584555807997177801521173657773858186881818634123713
31235570984431901431673589619122096194216418523133323338588159838800665105150437
31487758300821050171985880192948028762352513095181987910538353680148342477695103
31511735235682697343164752595053637133227572607003507943833704497293539767561827
31677014565322172583046633959759788773445682879750794796954280623103288476254231
31834624778919945189662102673400987956431741942118398739270662228940396043140787
31973014874877191017499284356341664090226363588825835864501638085428639499568607
32094957405697576035642735692814019344399766902630958866704896478589938967317549
32666142039238534229457981624944182268503277476073782438169365830938364677263493
32920955266384041555488885964725157744979687621228782066779172951402854301078829
33058212156311638894969910637721007158084588886301224385084581588025968758655117
33098868853945620951133531702524736076724426675406807676745182774908861807296641
33509472516800407495864240975115188040605075008882288703264475745332088593486293
33588035698066515250448310100125270614927671347622923787866420975468343442316727
33610918059643620249846029795081516221268218120942822661507688600798535119039809
33629344000071436670408440799799114736620251765388792658469316387965810684617171
33642842881548039767936611027316788674188935748842545935857540744056432037299919
33823641628881423971187547723347355417294364671354152669516504507941145778964903
33846934547102745059827505809583967368066328066864896172462158632166467798781651
33928585929831942294878523069208171409140228659039056881856740430059744724306207
33943054724260617034091393599192044049932812089784015391934680538357593071566841
33969628899044724761589804843440158609732623537217077058565045986297832011225363
33985430220235822659908776615631799563391926306553826348953740819052214107447937
34007468979048476853104509682298618142847800214497420385051359945450309714410041
34075495891634473619700935968465863968432702770956430171974816379070874363739667
34210140675294947907105854233574093285503649527495879068219630901367259696866071
34544053471417143496328524376813293697995947416259443078408665561451909165746597
34547031192510198856790466380294311113128352530476591707246078984848912439551731
34764216797757241819782341759495109627299588435862758732241508092482213522180459
34818110642732447355810153917495348917635489430676837636307609845803383404657759
34821678219476836843408284198607251457253994081091464017902400061717393194848787
34865337551233802086703653730211308162855142705921604833068485448360513841042211
35284738479922285605998777649748617145734859862403300869568398170590533826613991
35488016702237908453246526127325559812033709398490446490363982553399401999347053
35634895660624220024734162339833556390408125852727173227834300895385004696265181
35653513827026704581794266223663744597896302046948232514569600383600962980086289
35742591796159548876351586223383536727816929599219454060047020909150575331781707
35800382212103866511212808486032974209714430586577454810477758588636443096693141
35816131090107732786486056585916518223766785584358124901160856265778416097412463
35909276122995739565846952395778945657753284382712632561763964145600840101219591
35924774083126887201940280526113074701381815449691093712517407004013644824182183
36114649237819346520122800192001966085888692618550628950688043695331997708647953
36137056543282386025545404587909003840338732339528898643845993657659153407803057
36184506399678881207848924788811629981633224933218810301021529871512358027660537
36269923579542743762888219954181365171710865541194060287040128289959774413277937
36335600544382282540260160968557540298857620170470110376298752252186099902405037
36341698880840755119609049389426689359087088306267158581538788144668114956678211
36358202715806695621211264366522974050787324909974122827290597492112362733214851
36442827806671777705831473658688377863014305160321592142226816637692860471195231
36557289573453795183944365564203145849923836134639512271649145262735684075750679
36670386264083290541665920681031492652403532499889582201589878492174072596911997
36865806694610002026897938430708987131083786927982772849475487919919348930905937
37344513997601834392200755023599830649137451548585672105598709304308662118181503
37511868822723119992046184682769128400536260647940592858430672502720950941044961
37795226279704830778916586153469934988124997014308157813273192119761333423382269
37841096731686780713083525410275089320626615763823898923955899217253673730379427
37872419937280376197570510133765010080479124516281303680327673245312358619057891
38214653981001623726299059686278227738525909391034517869111367974487534839462551
38601741832588193165927184718507192173351216137402503352343439144826273731359599
38706983258723110730043109113486734345368940419232838640189537306605585328671577
38798519949927843015105424512274152515317659991822876223188649638496140531921399
38810228962301926039191863457670313331065681264649108389085308397335197129318633
38877638879729858480507624042195262095837176021874557734181331012480157688038533
38970619626337228741936564490028685361524434147697524285091766602419113225978057
38998027451358447372494681920935099390942850420302021538081124279211506643404519
39037544725297709177788104257306991385119454821420091676051104521122017767359863
39075189426076514355274582744327891202834049930315677058478981891407071536283059
39216409284213580078685302497003232892908811363296132769082476437865673534156907
39551559093159417432849847474787523990568570631766068574953253154539675518686261
39705179438010816004155193354347186779098079474922619868059343383782535177193693
40668726406504270464158296744731459190574347032609117967572926006282353598089327
40716947501421576349910685078899848551426010759060068231200873180351718252645457
41105155024871725790090431659602875620139518000760425894063795284969389903264391
41426665742091548863842505174896767933297379564170098896382074966302785724918621
41441921715267415572434338447794136098545240233642896862997669888449821365213183
41477800568526249349252643315696988892203574014115877417860774328284758693240593
41520394937207737716658252228756629368754147086875392953809115548342496762712257
41625886210661731763147732020977466269099372808166202227171752760989610828913377
42398591252483874756951121493509822324146534177396026655705364896891408090972431
42474525244702682489717783124872586213384541411465252574939525179527868367334667
42682712752600604133421742127095506524480376821908653889291017293157118916838499
42719749142978559945452370159108296752756404767911634472287902548119875948490731
43234428113003661235156758906710353431315045906554738606693253006497190471152297
43359606475789120320384646453120780483879879778836382212829514146810824589856917
43457857955442543800234146424345487580890738342806224044626870308900209594749513
43565206750664516608250285968410400739151231357537481912152224514970777680027899
43942635144072260852266419612153835728612111035671860439416598278536176925118641
44055710936512982779154866141523904304262980453339675005425171013119760586859519
44288560972251567404058177878451192232065574479972501437046453381077861496811129
44299956933265183002249647123558842337022000238927373005803972342293563480234501
44385557801535166000471039675972274237590073793295765810761432349926094206296369
44612021888816464918851241879951689960705604014513023985631064740599440470768757
44646471847102407492060725201254465677902469157774821324836769380547210146612261
45625307291289401667027547905351200462789812623577402308427268823477560034177311
45661253162447915622967554450541636223902850340506583829398087216856107142161817
45715962396448172802376263275626892697299829579342586777926296068897443200177983
45848711044283073022233438803316098063870530956169105202065364918022952631020181
46235064828234764929820472952864086430862526502221127182513311181714345623772451
46497441404493345694214055646670419969326252278143564663155984561746261390359663
46547905420997674578680534765927867786258671177828519913535071401159246979410363
46767226587213818904124445062773618655692704631083173591528332164319585666945383
46937660411353398014934712468115334417592438032313997714385223313821373247087409
46947981638800780729700050677343272880259308641714913257687123685256350417510583
47004373585730302323842750303152592984223971974821158548147435305054226186755779
47071285411957433173164360396850423963096779664159694722651745175571371461823473
47725195850626952036740614993612165859279562149045612505660301313965367257042031
47742449252588143673927266742844685429906160469326740013949278140927595330259851
47752516155276671286428137719096944616329233744619431185281229108103522858522283
47824159356919998869304200358538418425532653487269472652686297323053989875205923
47843356063786355546634106929115773766850618842008437181494358739990115806449247
47891446352744823688231235428789741857632380514032815728426795679720269159210771
48055737113987571115431240443691289438686453454154396753679104452884641316081793
48142396590029080536033498643763221397602220627933475019725729625489235198783893
48330421529980444315472342959571835329802855480852747657415050250785160177049191
48619256310374210905255499128857902423631529399053148389872977336935918631864313
49317839588449823054554517001331003478857612598238091844281785406607575534153199
49602317740064185666133163815838082477448282351128393499194824238219631915544907
49735005038481450426615114205500586631256348724806824546677238701033547301964973
49741869335355818663917314374631909643231209442841372394844861040438519208668069
49763513010583305984536316489562217692952209175663085370232049005845051906345727
49770528965457870337376299690565145127317778238669520762843575944805163782880191
50176502227905587379281968893280091446863610094507035745120019654372365879520569
50180021336766545948889780254913565414743861057471448746279814348406582932278661
50356074889974596699338717212840306588658601448805814480438356254020128917041059
51088481553763290917357490229492167758235800830056522743194448336434592783895479
51335507994000373380726959347263045698634480728938646222814832519302782403070123
51669920296094382899250331656974912112815545839484198078776857559633687782059031
51750227126518188737641153833764834609058491476404502822712914651935728694392249
52195408019720959664096589110923366238499741159182091892216311396797645413763459
52245667805833166415238042821655613130642281652750903359468882711342157372099767
52252821122184349748084755672856973976459490483034897989148568595813101559460377
52957469590868290561127526286658570364960838091450850627485568612937014190525513
52984110062191639604224170568785309469587720124487478484357154037051702518014249
53264263765712404062483316535461852744155808660204806494817317243809842521513261
53343091296768586548556736909142350746273804638796389366707511050638684327401719
53503623734808228654393078670637874696987226189282480396988242882503181728212213
53763543581891207599869740119657530569227278290122640794630213882000729516964603
53852763960907547190980119397143669990573055471132288782749105452849485711138381
54041219080931233852399142839235444285890777741029219412842667313782858421701403
54132126170292335759397990513971804424140202269065389768354287455518588239389663
57374020296533876111667865080709341157392785657715325160277362449313139157969631
57482741223061104032798079840822118934472536335627874354946842826692613147236339
57737912389003601570884752626898348397702249429462239113602850384169111422156141
57840161556620626434292572291015682992085569525693040173120684532786783687502219
58148147595840822047221103653346112240361265030186431834677280439154173702643313
58510286784792622262682568454540009212996846178814360382831311073854490340766157
59919229296980739570824362687986717678855850927330794603186409288266374941920641
59952047387040751445717377657549530986445121471477887199482541408872401394136411
60025915164760225015916259615108222168823328560232579314795138216252725162033781
60349062937839831363871268595131713445148777572564999094099586321624171333549079
60601204180471725647259130475733180901486224069952714465468023786790846283711693
61202964136942329163315638806291740289494586498620662916500132671617292639663317
62594260838063158902702864992166829372834851374346496195608736084501015584957203
63028566254313194457959686079840445553040094263579873704970495473947530500036003
63077237697264050179611617975637909024687784873543363436078101177734765907375219
63259524440335349333642250197041100163144225889404895812182041573407050265937193
63527920777376350914242569155834403359012060131876200815096905945866840673822909
63901541833655151791132786715812554306648980559442878870401599680924341283538923
64146039719440311725449921715869666415974110024145524694311021674684430542982287
64628265826808783291492878426380447558817934310843971068156281156072543685477259
65060721439230256153720329635572215659043369728585002486743112342976466331838633
65283377053477531330751424931851201009134770938902333206142292012133317102533723
65362608700093154133785020700652126434120236094349260380859921946019874530152709
65735063561803757314681156735020770690868210603213809620202816635725114954870133
66005731947461848959142044208383722609840933068768255199772422544384341110209731
66157823577018039459668047780005539330018199884792460494067151275464502445069969
66791618963179813666207314903925255677897853035447864406590213707728305356681587
68300551299377562885728228612733983910663710633011487494755928396707829062474151
70946519267554645488767117452169849695242652852130253895763838365151165131590069
71565786092934491863116601938758439528403499681298961269508145956010810588605889
74508391595855552728091571279860115193417838730034961245997690119025895756155731
74723713200467902063733151552693578464757298896533457154824870439352245762112457
78398123583412350666930088347839155674219762602233072875225030235060500046733857
82028927907905083625093354165601192040275253323318385157138858765442597027652087
82902432483460057458710565936199085899941156462243368178111053470347878439987739
