151416907
179064253
182804173
183331601
184583771
191854087
212437597
225345763
232132699
243103871
244145063
268556161
276255163
282535373
306105673
316988431
336130609
337770683
350693711
374350073
378391861
380334281
384055643
384982973
391967903
394032559
394572593
405827647
408026551
422783341
428372359
434616991
442523317
444484301
446298949
447793963
449037151
451351781
454434551
457002641
470140901
493016197
493081783
520674779
528736877
554477213
575827183
588839899
591894157
592992383
594099013
605612219
608023583
640332527
643407403
650325631
652922429
659554447
666788849
675851747
685401317
690069481
698529991
702552997
715784089
732908881
738719827
770719597
774689753
785008519
797249377
802541977
816668969
818522533
823501513
827397007
830669503
831455249
833048197
837556787
839870641
846743629
851903317
865245013
873611183
893366633
896098241
908116133
908733361
913590077
935352883
938083807
940062323
943859249
948431317
949288999
971100829
971575541
973643921
976103039
977987519
978754109
983472499
985461947
990480383
991432511
994403849
994423841
994803137
1001610833
1005112463
1011223439
1011595483
1013138779
1016902283
1036670113
1037632991
1046312009
1049066287
1051017241
1057575859
1060264091
1071645229
1074932141
1075413071
1077762163
1082494321
1083452473
1085290477
1090591721
1101816217
1102554007
1109211067
1114174393
1114272431
1119755509
1122375623
1123836437
1124897321
1131988267
1137832669
1138229341
1139133871
1141031861
1147578259
1150296817
1156420451
1170223499
1170353581
1171673603
1175758807
1177263011
1182249533
1194421367
1199963731
1201917653
1215989009
1218879091
1219743229
1220366753
1220719831
1252999817
1259194333
1263119531
1276056043
1288404883
1291009219
1298101001
1301320651
1315317467
1320213379
1328575453
1333062149
1340867303
1345734757
1351687541
1359006167
1364576053
1367198083
1374134413
1381295057
1389426583
1412794013
1413580211
1417659431
1469298071
1473935549
1479388847
1502443871
1502616023
1506663413
1507708921
1522744541
1522774921
1528711231
1536257761
1538255233
1544477003
1552047551
1553163427
1558653617
1563236371
1563780619
1568324911
1575019333
1575168143
1575776803
1581199693
1612753607
1622858869
1623795881
1632031823
1633390901
1636464943
1653562087
1654872983
1656715937
1658501639
1678119551
1690864687
1697925883
1700966563
1708165483
1712418557
1739149309
1772444917
1782124459
1788275179
1790296919
1802167007
1805682757
1811804671
1842720983
1849114499
1860469253
1864211509
1867399753
1869232879
1869396733
1873342949
1879412221
1885361941
1888532483
1930541857
1934665877
1977528361
1989082439
2001167171
2035788637
2077319623
2092864537
2099709803
2109086899
2123305903
2129543263
2135365489
2138331761
2144091491
2159470657
2171171941
2202124117
2204807543
2225824879
2241573493
2246445337
2248802947
2254601963
2255674387
2256247481
2256482117
2258266981
2260182049
2271737921
2292219551
2296629397
2298011629
2305167929
2311941481
2314208977
2325452641
2334851227
2342528417
2342831171
2344365571
2345714053
2356586963
2372989777
2378704883
2410476647
2411736169
2438505323
2441521883
2449357181
2468463001
2484332953
2500493659
2503198879
2508074369
2515916867
2520118417
2554721641
2554928933
2556654853
2582057381
2583389227
2610862861
2617452197
2633411713
2673513481
2684477927
2701857997
2709190637
2721481547
2732735897
2750825117
2751874973
2759465987
2760291827
2781519569
2784660313
2801199151
2828708453
2832712153
2837494507
2941321531
2953376431
2967533813
2971183573
2973933569
2989638803
3005794553
3076145711
3082172699
3085922197
3121419397
3122869489
3130827397
3131711549
3169189637
3173657243
3181436633
3220882799
3224808637
3225369767
3231967169
3235884503
3257185787
3272383181
3290103409
3317382461
3317651569
3324295207
3334738103
3345707977
3353666413
3386582447
3388922293
3390317279
3434383501
3474690851
3514373857
3557926433
3574286537
3586321049
3602561759
3616064887
3695164219
3730602467
3783155951
3785002649
3829132501
3878703779
3888340979
3920864021
4007316557
4032981347
4049874599
4050248897
4104198149
4106234557
4170673943
4183668031
4196480329
4234320707
4241965769
4259030123
4259571103
4273067563
4296228379
4324981601
4345653119
4359609227
4376690833
4402952209
4413634523
4417850317
4421897891
4432916321
4443256673
4455358343
4460756669
4470154081
4574779019
4655815511
4727396683
4740476579
4752798493
4805387117
4918781689
5048986037
5094114479
5098369417
5149955969
5193679651
5239743307
5267811001
5291311639
5313222931
5422529807
5468971477
5512893571
5517009019
5569599173
5651047351
5669059999
5675100217
5706473341
5733149657
5747139149
5775802007
5795751293
5837875937
5841098401
5844957847
5863639393
5870720747
5898482861
5937002957
5958020611
5961354029
5971711063
5989276211
6025799179
6044324659
6121585549
6155994109
6183988193
6215950891
6263904289
6295872211
6296520203
6312216857
6327312889
6332576903
6359530601
6416709769
6443830187
6523519741
6543006319
6591720953
6655148197
6664469453
6681490019
6731127877
6779142577
6928726367
6944934589
6959719609
6990871361
7046544133
7076171827
7178864347
7182523573
7194657859
7275798161
7283476793
7289323199
7411406011
7578921853
7616174497
7627572079
7652379281
7653867191
7726790783
7811188811
7820800573
7974608219
8018455387
8036650619
8072503541
8152901551
8189273089
8252237131
8288765603
8551024513
8564170619
8572891853
8714062177
8958203503
9131900581
